-3.375615417734463719e+00 3.632363144292078072e+00
-3.618828071590442175e+00 3.786278916146168516e+00
-3.485529932766803451e+00 4.641208421417053476e-01
-2.422183938063596553e+00 2.101776975561340244e+00
-2.127235250184080773e+00 2.142973208602746205e+00
6.567975037219687673e-01 -3.512453412978762124e-01
-3.769733660681958920e+00 1.688523181411445417e+00
-5.241004524643699369e+00 3.575867239118867502e+00
-2.289428515624789551e+00 -5.719773794182989035e-02
2.864494087084218377e-01 1.033041616154620534e+00
2.997770642281352149e+00 -3.127543414838624525e+00
7.466739152955891301e-01 -8.466725857283603496e-01
-3.119123579209401864e+00 1.104976377840206192e+00
8.478571503766619832e-01 -3.997959508648482041e-01
-3.458611314650153368e+00 1.626908779981150799e+00
-9.555876864347035982e-01 3.882783551130613575e-01
9.919285005272635569e-01 -2.826372807393816577e-01
1.012323866700875818e+00 -1.347154538099666787e+00
-3.204891505036907784e+00 1.073893128168407651e+00
-2.367211382653946927e+00 5.132514915046036963e-01
-3.130591138390135697e+00 6.865850079116323501e-01
1.388530384604128587e+00 -1.445342241339283351e+00
-3.476055749306802500e+00 1.556347971682683795e+00
-2.243598870985870075e+00 2.223194313173003422e+00
-2.086936718057878615e+00 -7.135412638701077448e-01
-3.093383933496244076e+00 3.186696852846212291e+00
2.260701973918566754e+00 -2.633805359270901647e+00
-2.313145959776913507e+00 2.197918795271191605e+00
1.301694706543911284e+00 -1.582332799331110040e+00
-2.553909246864979554e+00 -1.842466617808706797e-01
-2.805375495683454012e+00 2.427706754017709301e+00
-3.062399160472541570e+00 4.461362611356970431e-01
-2.978784085962487449e+00 2.744040928324859241e+00
1.677890354490890967e+00 -1.210115587860235653e+00
1.232243360936422283e+00 -1.183790248751946494e+00
1.168917229822868276e+00 -7.861250190590396425e-01
1.371890353882960545e+00 -1.800002318553845404e+00
-2.902712383091496484e+00 2.977469137354223694e+00
7.172562925624328400e-01 -5.556495119455514553e-01
-3.667337533640629754e+00 1.921058229735500777e+00
-4.468351235199730986e+00 2.448541103103324623e+00
-2.937150415263381387e+00 9.856219043951796044e-01
-2.769270609067560951e+00 2.306004869942677615e+00
-3.241143377331531017e+00 3.099832259521825950e+00
6.738060086082034994e-01 6.895652365120569227e-02
-2.546558553113605239e+00 2.365875957579794964e-01
1.638413799396499226e-01 1.941558263962968878e-01
-3.764876653716332733e+00 1.271242906505396064e+00
-2.724936599369296442e+00 2.307722096858446648e+00
-1.784857117046837471e+00 9.445266264120768529e-01
-1.716676116770783800e+00 1.427646240559629298e+00
-2.887894538537798983e+00 3.134497727322795413e+00
-3.125312525949876630e+00 1.207084417348192718e+00
-3.553137663976022154e+00 1.132288109413633226e+00
-3.600121840009460339e+00 4.325783793709470082e+00
8.709314493733897322e-01 -8.349697067480787993e-01
-2.871360799707150857e+00 6.210232343398399690e-01
-3.604213649744141268e+00 4.134365676681682977e+00
-2.097072812579526602e+00 1.711681714582929725e+00
-3.359288527726572937e+00 3.053042475646381870e+00
-2.177833113052554559e+00 1.982496435768123177e+00
-3.885900321918775102e+00 1.725930622010693138e+00
-2.274215483006559513e+00 3.011313344201044018e+00
1.830741187264786296e+00 -1.642304275906716793e+00
-2.195527657092390950e+00 2.342739177384162375e+00
-2.741979658782761842e+00 2.800174027537142951e+00
-3.089998986054125929e+00 7.913353908120253077e-01
1.038292025241881911e+00 -5.102840588016593903e-01
-3.081040547361034054e+00 2.863069296898960392e+00
-2.313628585214522637e+00 2.694068188034025368e+00
-2.588940277355004760e+00 2.405603780506467171e+00
-3.255668833693349029e+00 3.126609032990903092e+00
-2.978687324484935228e+00 3.108203468545080561e+00
1.585105125674060256e+00 -1.816484353660626772e+00
-2.925688337814386752e+00 7.966296835948667443e-01
-2.168424145891227450e+00 2.440357854426045581e+00
-2.471868120882596997e+00 2.794895102089129502e+00
-4.512815212730015291e-01 1.297756216504387217e+00
1.151283256384206588e+00 -6.878531159320574462e-01
-2.742032693173422242e+00 2.803024686717933811e+00
-3.047418240013876289e+00 8.129184125226197599e-01
-4.160938657556420672e+00 2.694906426556094470e+00
-2.247017256702858568e+00 1.693480534492125988e+00
2.900752195599110572e-01 1.463053313491656515e-01
-3.404035714008296409e+00 1.569248240445217268e+00
9.618033527879698008e-01 -9.245794538178813138e-01
1.522778797404068296e+00 -1.224417539170876923e+00
-3.299996468225292023e+00 9.298854729340999548e-01
-4.199504524745081291e+00 2.791934762925907254e+00
-3.866219437985273899e+00 2.057339599675158226e+00
2.544090227902344736e+00 -3.328175711764189248e+00
-4.348184385448439215e+00 4.814721699870754712e+00
1.075144621914343235e+00 -9.242247615398594407e-01
5.547893860049015746e-01 2.488948551335690984e-01
-3.500573563560277268e+00 3.552715777756681348e+00
-3.982674084438307283e+00 4.186504362188498085e+00
1.517459485474834668e+00 -1.362193868349199422e+00
-2.297723239748392654e+00 2.548226122749999600e+00
-2.283276914577039740e+00 2.142664445417003183e+00
-4.415328992482359993e+00 2.868089794227013378e+00
8.625926209819757551e-01 -5.572195785575050353e-01
-1.813522211984216925e+00 -4.932108284499379103e-01
-3.866672530703139099e+00 1.678858597151788867e+00
-2.712579751253407778e+00 2.940721543845413066e+00
-3.107947221235427104e+00 3.307367353780826802e-01
4.513823643417510523e-01 -4.721558983143798183e-01
-3.014455564250470676e+00 3.981671442556320883e+00
1.060934881606644620e+00 -1.096324485443064045e+00
-2.760572558633286988e+00 1.799549626492890908e-01
-2.531525932043516391e+00 2.181153939864811431e+00
2.344880235759606302e-01 2.208303107473011395e-02
-3.942319576621945654e+00 1.550954639023024662e+00
-2.966257272532295985e+00 5.494103788800097643e-01
-2.855795759702540071e+00 1.581831100715155314e-01
5.591742871496167139e-02 8.843051513999062863e-01
-1.291063908686320927e+00 8.895345830329229875e-01
8.142381898453564526e-01 -6.633300981635503746e-01
-3.487814413571798333e+00 4.275748503060884609e+00
-2.543544432360972607e+00 2.622059309523448789e+00
-4.399009764059456096e+00 2.806568265521707684e+00
8.566768009874766721e-01 -6.620837639995811319e-01
-3.863957458124378519e+00 4.627872082270724441e+00
6.557581171750028748e-01 2.164384330516207905e-02
-2.331675695522888336e+00 9.541827588087282985e-02
-1.982642920873485037e+00 1.519806568996451723e+00
1.295000362181153886e+00 -9.768724417659482295e-01
-3.701381823668600024e+00 4.527683925120081554e+00
-2.109454489122982945e+00 1.676195476382731142e+00
1.934228576530205634e+00 -1.950996866818575315e+00
-4.323411792386702146e+00 2.354172021739847853e+00
-3.077937587688827747e+00 3.808653657726410180e-01
1.892096973168650775e+00 -2.497092337645826721e+00
-1.789779351335796687e+00 -1.548078771921291397e+00
3.204761152804591617e-01 2.128998627828539159e-01
-2.024405385990838635e+00 2.148786414393198729e+00
-3.114727631104710071e+00 3.442714794959157221e+00
-3.220543260024312904e+00 1.398760207511338338e+00
1.364044721151579598e+00 -1.286180485030027576e+00
2.369311903059057867e-01 1.951937751584666425e-01
-3.271668383078298881e+00 3.245330005581652077e+00
-3.395978617989212189e+00 3.881327131916938900e+00
-3.084958086610487094e+00 3.602699091775128259e+00
-2.969386264186872904e+00 2.717776673885411665e+00
2.401771398966093540e-01 6.552410205592480441e-01
-1.918541939556837495e+00 1.528461512706388303e+00
-3.501636992855115871e+00 1.860219415089117811e+00
1.846042779539124989e+00 -2.274168739606861500e+00
-2.636246422721058469e+00 2.788495886132440926e+00
-3.039200887098814086e+00 3.943643205106517335e-01
7.369003088826618919e-01 -7.424476974631200044e-01
-1.799858021637668726e+00 1.092632798214371981e+00
-1.785937829575891866e+00 1.398260237839639375e+00
1.631112633825160030e+00 -1.779763175106043649e+00
-3.420422091006087406e+00 1.360540978422869030e+00
2.086287874771115103e+00 -2.088633078517553532e+00
1.614091389700360590e+00 -1.638336183673409829e+00
-3.189494310487194451e+00 1.148825510522244464e+00
1.743972398607468222e+00 -1.885941119317209314e+00
-2.750742750304619566e+00 4.706281976451460181e-01
2.081116181362930195e+00 -2.164787619873665303e+00
1.473533119539735203e+00 -1.400522667169610491e+00
1.301265570376495928e+00 -1.687734527581238986e+00
1.092425450889715099e+00 -1.403187388389111501e+00
6.979553561264217887e-01 -4.353024463665914889e-01
-4.835827842558325429e+00 3.211480471822606209e+00
-2.886553135405719228e+00 6.672643329637142351e-01
-2.224588129659501146e+00 2.605452788017859511e+00
-2.432546643248961526e+00 -7.001239696115211242e-01
-3.208666852225198873e+00 1.288451965719784154e+00
-3.407645317315953104e+00 3.629308923046053792e+00
-4.450780856562071008e+00 2.969224915619832927e+00
-2.792925778753921673e+00 1.198301796110068818e+00
-1.932833725690386917e+00 1.563356362254335608e+00
8.923700733110673244e-01 -4.007265034763755618e-01
-2.167455195052252925e+00 2.134622175711265779e+00
9.970791255627845517e-01 -9.101302987262709365e-01
-2.955707873712406286e+00 8.377507080189503519e-01
-2.648656786174286015e+00 2.854541782288625207e+00
-2.826575534408890533e+00 2.635956380041704517e+00
-3.055321895461842185e+00 3.121320160017831302e+00
-4.427555714242161322e+00 4.173091396353052041e+00
-3.153795587126341449e+00 6.973990057075524218e-01
5.175238257787205809e-01 -1.986381218414704219e-01
-1.988418248033245517e+00 1.722625682576874429e+00
-3.753779391617098504e+00 3.915931729187465127e+00
-3.581665019518307069e+00 3.639161044034011194e+00
-2.271856564701239645e+00 -1.651505976420369615e-01
-4.101469099230463655e+00 4.496639469955158397e+00
-1.997058234013881828e+00 2.267700467767916894e+00
-1.542669573323456556e+00 1.233492038579732109e+00
1.545396801545155130e+00 -1.591011778079430172e+00
-2.583170119985378488e+00 2.694482583785940744e+00
-2.870032931800865050e+00 8.355631049049179193e-01
-2.554880179298300025e+00 3.126612796524519844e+00
1.306641797959210427e+00 -1.393397213759641318e+00
-2.618002286241935206e+00 2.338280216945921031e-01
1.246921284503169192e+00 -1.629213566358480136e+00
-3.046061782472303747e+00 3.255253562991337279e+00
-3.826035528888787951e+00 1.405088976383246369e+00
7.452670445115436859e-01 -6.423497133252292768e-01
-3.172190542245224787e+00 1.528811327981634438e+00
1.283931444548187750e+00 -1.490466201061491081e+00
-4.340219663198959132e+00 4.422240345476901702e+00
-2.596256977801177701e+00 1.564060673220677711e-01
-2.683615154137897640e+00 6.066555849025211389e-01
-7.231135820515011137e-02 8.455242672247854641e-01
-3.473653620319730795e+00 3.696187939091301278e+00
-2.963815642265123618e+00 7.715718414636634215e-01
-4.116185279954717835e+00 1.718082535735665273e+00
-2.583688281108739382e+00 2.890175547501580677e+00
1.650498640855623256e+00 -1.438819372685477216e+00
3.420554152791356328e-01 8.674923081621728482e-02
-3.134902059458202661e+00 2.878084108322537027e+00
-3.504434364694365200e+00 1.403038272289008903e+00
6.389993970187177741e-01 3.069935258498691227e-02
-3.358806496136310216e+00 3.649325294239043505e+00
-3.596583261562267264e+00 4.228013947051660004e+00
-3.484131418579933026e+00 3.576972124250461960e+00
-2.731455508238787022e+00 8.177511348779713529e-01
-2.500780415538566004e+00 1.791747153071161280e+00
6.361330368636946009e-01 -2.677001283568129497e-01
1.185792294960723359e+00 -1.275636322228102193e+00
-2.565989667711291666e+00 -2.205243455534885155e-01
1.109131489759190403e+00 -9.493568980646314159e-01
3.124601832591379358e-01 1.042776976719412135e-01
-1.753148493460518820e+00 1.727909142984606072e+00
9.255418809320006268e-01 -7.853123669510658766e-01
-3.327274895055614135e+00 1.391879417840489630e+00
6.445572935372908541e-01 -2.771023770289849919e-01
1.978757434512657065e+00 -2.917560455993655211e+00
-2.829428238408701279e+00 2.388844540201137789e+00
-3.052283793970602677e+00 3.656706333061127800e+00
1.332965435736313542e-01 -2.636280130054463045e-01
-2.518511921737539794e+00 2.243684940400128447e+00
-1.956547429028778096e+00 1.977954003875235900e+00
-1.979984932455147506e+00 1.472400866204184089e+00
-2.867936629912017477e+00 2.194735726487187233e-01
-2.570704402405025402e+00 2.267483434946949150e-01
1.055211658032112476e+00 -8.487079026291340922e-01
-3.419307409992673463e+00 3.857753505507161673e+00
8.470740205532246714e-01 -3.778993032277052078e-01
-2.345893909842059699e+00 2.528465807433183166e+00
-2.029713553825891914e+00 1.674083473950508383e+00
-3.342144367797637461e+00 8.921153840647412236e-01
-3.159607834510036906e+00 8.026990476465990509e-01
1.294800491386881136e+00 -5.321186592322255660e-01
8.890608005914609757e-01 -7.445276256822953576e-01
-3.615116917991281209e+00 1.232823624427461517e+00
-3.188849725591595519e+00 3.794906024921620880e+00
7.823580218699223154e-01 -5.777467623982170952e-01
-3.235394700860419803e+00 5.922566664196310393e-01
-3.277896156690531360e+00 3.981819728110041479e-01
-3.213718892643709690e+00 1.306753182115821144e+00
-3.004645242902777014e+00 4.893596000468556362e-01
-2.584240313968311664e+00 -8.111707002708688774e-02
-2.777272743232527930e+00 -2.400665919536915660e-01
-2.256782155188235439e+00 -2.498776400315622925e-01
-2.558398406717506290e+00 2.514196855911096318e+00
9.073424241719381111e-01 -1.282650776402696424e+00
-3.021683742869595513e+00 2.859854240076551424e+00
-2.620575145913762505e+00 4.229912485524500720e-01
-2.298680402263166389e+00 2.213295148612556940e+00
-2.048497237003667149e+00 -7.378547605362807404e-01
7.122106869704365462e-01 -3.294345147164771254e-02
-2.368670576178013576e+00 4.776724739148817400e-02
7.634537505594042317e-01 -7.362993313165056009e-01
-2.519283342252709446e+00 -3.609847577103630356e-01
-1.841849099774992560e+00 -4.478699923076144840e-01
-2.254036579237055360e+00 2.475305931452415287e+00
-1.929961719027694977e+00 1.466786569130715590e+00
-3.326871243019252411e+00 1.017125169745041191e+00
3.079060913011968381e-01 1.699513066067571132e-01
-3.194782850759594339e+00 4.633787818310019513e-01
1.276545899131407369e+00 -1.175273609865262525e+00
1.464795722468908989e+00 -1.007690903215665568e+00
-2.975058472628753226e+00 2.721383064371035942e+00
-2.519969697734313563e+00 2.467824713689988236e+00
-4.048984282806661561e+00 1.970941043226104306e+00
-2.175611132899442079e+00 -7.803152548161812474e-02
-3.378023862015326895e+00 3.143592831279437227e+00
-3.701029547665849240e+00 1.104290719998004988e+00
-3.072295101079567381e+00 7.097614983439887171e-01
-2.414883147199619717e+00 2.783584966775549119e-01
-3.217165032434813110e+00 4.002651452511737595e+00
-2.874101964416097665e+00 3.003903162300814333e+00
1.159788015262939731e-01 -5.363614669360166481e-02
-2.805760995823231685e+00 2.517495139432365470e+00
-2.356887415503828187e+00 2.435945820244090232e+00
-2.246587939992721328e+00 -3.229547306491793446e-01
-2.551101635684770219e+00 4.862840065591176875e-01
-1.669386207167083080e+00 6.367776650687796414e-01
-2.642157859143838383e+00 4.048824087103491398e-01
1.552794605453195365e+00 -9.771563963202569703e-01
-3.286770952600901019e+00 3.770611270360071821e+00
-2.489608971846346996e+00 2.362048117218219279e+00
-3.728393387142067361e+00 1.613137342187944023e+00
-2.806293119205671260e+00 9.022274296190138099e-01
-3.316923927885789158e+00 3.352788584235690816e+00
7.599957919768408621e-01 -3.442501313530054174e-01
-3.244694712354396771e+00 1.696723766288396051e+00
-2.400008993258898049e-01 8.772396761875347337e-01
-2.809158695429530450e+00 2.933569290942263486e+00
6.256989101503884765e-01 -4.126519505425685908e-01
-3.812493370418989169e+00 4.207018040057310060e+00
-3.138838757697705706e+00 3.236299623784693935e+00
-3.436738416407795871e+00 1.607236898745114217e+00
-2.094536547036494500e+00 -3.238396399512352697e-01
1.227159839467306002e+00 -6.418042557364784795e-01
-3.756283648450542856e+00 1.331810762978204554e+00
1.476497213752934856e+00 -1.804964951118783745e+00
-1.333984569466426295e+00 8.099032024510357530e-01
3.218706106825402369e+00 -3.971612339697308869e+00
-2.215017984958303821e+00 -3.301004139331080167e-01
-3.345062750197129731e+00 3.844594294675412804e+00
9.621234264441637096e-01 -9.750413754539490885e-01
9.472101436785457240e-01 -9.177740294173084568e-01
-3.572503667128355875e+00 1.766658524478883496e+00
1.387647870564452379e+00 -1.568674094660402085e+00
1.333734725483348926e+00 -1.465763787107818850e+00
1.190129106668156522e+00 -1.279938705582738923e+00
-3.405092093435003964e+00 1.205264771420600400e+00
-2.697158221451413151e+00 3.138090044606884899e+00
1.978278182028363252e+00 -2.220866970612653368e+00
-2.020015883677297008e+00 -8.063541964811624663e-01
3.612413383695985969e-01 -3.813889808185476071e-01
-1.353885640520939293e-01 9.416262478659451762e-01
-2.018931979252521991e+00 -6.067135764393948305e-01
1.332970378229932029e+00 -1.945539417300461205e+00
-3.897286473143966923e+00 1.971079049645004799e+00
-2.755873674666242223e+00 5.637126473137775706e-01
-1.633757827439586419e-01 6.726128640349586796e-01
-2.076523069384176079e+00 2.140233845450014716e+00
-3.700766108575018531e+00 1.710139895305359481e+00
8.557412098152922253e-01 -1.032458895991286152e+00
-3.496554356797549001e+00 1.507861507264838474e+00
1.354442826516035314e+00 -1.131341175392428955e+00
-2.476384650727954995e+00 2.162410652539802580e+00
-2.283474075416054294e+00 2.078599109468489914e+00
1.327616996432504415e+00 -2.373260951112415640e+00
3.459756400989369984e-01 -3.915744285157292670e-01
-2.426553546526024618e+00 2.084133493603086862e+00
-2.696553722245979223e+00 1.084154836189116650e-01
-3.334696095625381940e+00 1.241555611677448434e+00
2.187439040271171198e+00 -2.192113149153294138e+00
-4.052103926478237916e+00 2.369251693449155205e+00
-2.505108327563036141e+00 -3.879004132118730325e-02
-2.344519332351076457e+00 2.998839529014097893e-01
-2.432746620348981370e+00 3.427353705623211941e-03
-2.690445636544561037e+00 6.784976807366195350e-01
-3.339275162351785564e+00 3.818573139358521384e+00
-1.313961372300609165e+00 1.037229913506658052e+00
-1.544788508390464443e+00 6.959327161816345475e-01
-1.469229060291365574e+00 9.164396612388364671e-01
8.860206409206861089e-01 -1.117633030197033861e+00
-2.855809466107436023e+00 2.970061219373758554e+00
-3.731512005750338368e+00 1.249492153337736777e+00
1.174860550569563289e+00 -1.240958148480393985e+00
1.906593108019507543e+00 -1.934145282227883955e+00
-3.703416061662163639e+00 2.020942031718944154e+00
-3.004622237527977635e+00 3.298645434249189989e+00
-2.846671059682215787e+00 3.091588552435403869e+00
-3.426137833303806612e+00 1.357713159072523545e+00
-3.219862483671914077e+00 9.248081950356140668e-01
-1.757491669421595626e+00 -1.085807465243584513e+00
-3.220384712127579707e+00 3.116314284203947960e+00
-2.865542762311892755e+00 3.278977272092617135e+00
1.468173108529126636e-01 2.893792605948525276e-01
-3.542311875464111193e+00 2.064027773356885032e+00
1.215948862552910237e+00 -1.048919832775989658e+00
-3.344659145668507971e+00 1.158755417143243927e+00
-3.945619883355339752e+00 1.241567791065686599e+00
-3.353503440941283831e+00 1.246525356140173457e+00
1.146708272318125221e+00 -1.289801247914452054e+00
4.858642466309581742e-01 -2.780632189122050901e-01
-2.582324809109058705e+00 2.810457447521367946e+00
-1.750461899643084296e-01 7.547404235719468168e-01
-2.317673855773240366e+00 2.627330510737564406e+00
5.161424120460156306e-02 6.890485203409478787e-01
1.742658562380231313e+00 -2.129780325434355248e+00
-4.386998770199018516e+00 2.369493874501918729e+00
1.942144916067344018e-01 3.316546768420025049e-01
-2.426503239657267663e+00 -2.496374160272137599e-01
1.203079370858760822e+00 -1.195739864561146115e+00
1.122529246628478194e+00 -1.047206139837094652e+00
1.017206849835738280e+00 -2.681428079012902477e-01
6.655441968118738227e-01 -8.200424198150763067e-01
-2.739855089446268099e+00 2.583674189189275605e+00
-1.423940495726333078e+00 -1.393001924209943621e+00
-2.029559852810924880e+00 1.739096955021544488e+00
-3.079142650300402906e+00 1.199608363698590141e+00
-2.744367070020826027e+00 5.447243346553978238e-01
-3.009003100331178793e+00 2.801937106337792027e+00
1.096672477816342139e+00 -5.673986964944865985e-01
-2.106686107645915573e+00 -2.935180755344256598e-01
-4.269602010706835316e+00 2.647470604451564569e+00
8.350910536523291627e-01 -1.356064223022005688e+00
2.355243270361616847e+00 -1.994382048609194769e+00
4.590612918091051542e-01 -3.965426242999431361e-01
-3.557876700234590572e+00 3.493408612353630982e+00
-2.904623173948388093e+00 2.807885598817293271e+00
-2.989446422515163349e+00 9.146094446308686843e-01
-2.531847759069898895e+00 4.066719745165151001e-01
-3.000501610227442217e+00 9.985737391988802614e-01
-1.687923179156489484e+00 -1.532309497527386544e+00
6.086198877358316439e-01 -6.460680568165428905e-01
-3.301728565689728168e+00 1.029038222634891309e+00
-2.956525500361412373e+00 1.150744095684563817e+00
-3.858133343458050923e+00 1.683576202467879979e+00
-3.117636573169536796e+00 5.506974872766950968e-01
-3.785608175417911614e+00 1.652336570293556850e+00
7.708476716388974748e-02 3.584407004582433887e-01
-3.586341061834119159e+00 1.309293941425946350e+00
-4.016014076368837671e+00 4.861242310700975011e+00
-2.239588636024008039e+00 1.789782454888958263e+00
-7.429050487701244210e-02 5.606208169775865890e-01
-3.469252457586248450e+00 1.230472091945757906e+00
6.557159607992371075e-01 -4.344800025500621943e-01
1.365962031975621382e+00 -1.144134050413766701e+00
-3.292842487533564899e+00 3.085367321595555712e+00
-4.125047597531986909e+00 1.589855837260598648e+00
-3.688291049316288372e+00 1.360191619330244350e+00
-1.354402915522953388e-01 8.046354959027779419e-01
6.765676660856966285e-01 -1.099082174542177492e+00
-2.922834198298949193e+00 7.467853455307279509e-01
5.883644427731269388e-01 -8.527431636869112208e-02
-1.934368104123679599e-01 1.109093264061564277e+00
-2.455191849126269421e+00 3.857700215202073957e-01
1.937224719778373849e+00 -2.052391056501814859e+00
4.031687696741930171e-01 6.045484842736604386e-02
-3.255096459911015483e+00 3.533340906757862943e+00
-3.642622266931287989e+00 3.898555862754929269e+00
-2.512634243099767684e+00 2.127243517849924714e+00
9.900499392455495151e-01 -4.411854083488099820e-01
-2.294790681813662747e+00 4.907551329908994148e-02
-2.290567378103028240e+00 2.788979346065665776e+00
1.808638904310394535e+00 -1.867029288914753282e+00
-3.315642361966767648e+00 6.560188384094453040e-01
-3.205045726686660323e+00 3.459442106728903621e+00
-3.554292333621072775e+00 9.373791216167964846e-01
-3.194227578578598070e+00 2.929505371673109426e+00
-2.132187562834206573e-01 1.020893165626269417e+00
-3.879167359735706366e+00 2.121501176333512095e+00
-3.914809079523593027e+00 2.068428517172251624e+00
-3.476229459862987703e+00 1.694068885318389617e+00
-1.326997833342774991e+00 1.214485325593671838e+00
-3.329616808602379407e+00 3.785392871496048528e+00
-3.332384770737330193e+00 1.691052766346710312e+00
6.692401341857515673e-01 -4.289382511033135170e-01
1.367707979266914453e-01 4.758152234228991695e-01
9.457813346396700682e-01 -7.162023423568251168e-01
-4.036297112603707937e+00 4.432162945662700082e+00
-2.601912278670838852e+00 -1.639206825838676607e-01
-3.214703256262775977e+00 1.295519047139869651e+00
-2.260073610631494034e+00 -6.289510345318415352e-01
-3.094615807775066951e+00 3.557602835082096959e+00
-2.085809483052339264e+00 2.058357917162708439e+00
9.776323023716788629e-01 -5.406805427069354408e-01
-4.009522384690381358e+00 4.599108393261654548e+00
1.756308628952977680e+00 -1.521645047713875210e+00
1.066269354508266876e+00 -1.221834881469721523e+00
1.404402021932487310e+00 -1.781767600541046548e+00
-2.324584759171616000e+00 1.864273976138328681e+00
-3.039592441182993099e+00 9.402815642299940935e-01
2.058836919875971283e+00 -2.380971997476378110e+00
-2.839038299251171793e+00 3.913109929304412482e-01
-2.145540022506398081e+00 1.755002639596775271e+00
-2.336343280363699204e+00 2.122230744793836443e+00
-2.629212982786867658e-01 4.766362291566058618e-01
-2.872680959157537295e+00 2.760277114335311310e+00
5.255809652274585630e-01 -1.947015932685451645e-01
1.726868980891687611e-01 -4.664161496487446157e-01
9.435887512011755796e-01 -5.605584202297713148e-01
-3.118281211575652634e+00 2.938816385583210788e+00
-2.810600992321112823e+00 4.930662317544157180e-01
-2.684112652528928944e+00 8.760062151079750503e-02
-1.565074434533956893e+00 1.147658640350181836e+00
5.931933995888018230e-02 8.557793990998214806e-01
-3.189749083833492538e+00 3.787152706981209427e+00
1.840179061462212662e+00 -2.132883462912570582e+00
-2.543303947500056950e+00 2.607200414370099750e+00
-3.542869535631592903e+00 4.189747926387824783e+00
-3.341411932134771501e+00 1.283157668845267718e+00
-2.817815485938610198e+00 2.799089895558379837e+00
-3.838145397815998283e+00 2.260293335389104374e+00
-3.464410574245376573e+00 3.441617842096344138e+00
1.917194597438510506e+00 -1.956415142811693597e+00
-4.507421127561547891e+00 2.570547908739062137e+00
-3.655743042510887886e+00 1.960808182659770527e+00
-3.341120784024643964e+00 9.415736568206809487e-01
-3.082714970395050713e+00 3.364542560625606082e+00
-3.784558953510230861e+00 1.419577422845688996e+00
-2.549990569368000948e+00 2.460245694633577784e+00
-2.807396980504646589e+00 7.082331186514561061e-01
-2.929515267969668546e+00 2.904053626938213339e-01
-3.277454413473160244e+00 7.673794763299760513e-01
4.277037880712983298e-01 4.145743570246257503e-01
9.275900917341050045e-01 -6.066361276823594162e-01
-2.626155703196023428e+00 3.182619372384056233e-01
5.540305935358158518e-02 7.527729241283637185e-01
2.381791234283303638e+00 -2.754505744898298136e+00
1.075306158300991966e+00 -1.577112638848652271e+00
-1.785301018767565973e+00 -2.860416834772399053e-01
-1.941445839856738909e+00 -6.103806079942581952e-01
-2.058232947937707724e+00 -4.648639408820247065e-01
-3.960255972491852905e+00 2.203676734122242298e+00
3.574601216019345218e-01 2.387505870890387627e-01
-3.961684492522979273e+00 1.905292198345126309e+00
-2.125357151967015135e+00 1.791500088129805990e+00
-3.152500469255197224e+00 1.432387677171096607e+00
8.190036947368103393e-01 -5.579765965925843618e-01
-2.316247544224127708e+00 -1.906407079110001013e-01
-1.520564067405805853e+00 1.001857409121015730e+00
-1.999410374242992061e+00 1.461965485692868327e+00
-3.431979435292841885e+00 1.688493087791443914e+00
-4.213430516487941091e+00 2.713512740096378995e+00
-2.416320051079219766e+00 1.906234417347909771e+00
1.546952076033907719e+00 -1.776313160733951735e+00
-5.781270188749436656e-01 1.372513573657802244e+00
1.618104199815788125e+00 -1.499474438295015144e+00
-2.301915866605250383e+00 1.927876953297713802e+00
-2.508474307004474824e+00 1.038116165396922447e-01
2.415145269784468862e+00 -3.398180458104162582e+00
7.928679878819712146e-01 -1.081498003176029732e+00
-1.856895907804339885e+00 1.671205583259907979e+00
-3.713211172370805002e+00 3.865424918501734641e+00
-4.455558482170483892e+00 2.728441349564625362e+00
-2.190667268004461654e+00 2.355378782140230776e+00
1.725651824432938630e+00 -1.209017772431797644e+00
2.627282710072347260e-01 2.496838496292389520e-01
-3.283467618286695977e+00 3.298946979649217681e+00
-8.445158147150420846e-02 9.540520030360164494e-01
-3.651428425027932079e+00 4.648494286796200470e+00
1.425859311535462970e+00 -2.131763002553822783e+00
9.958665855479205131e-01 -8.606028548958506441e-01
-3.679394457152417530e+00 1.000061886040039205e+00
6.287035544840833268e-01 -8.288995780835042848e-02
-3.153595530035157690e+00 3.538648601598677779e+00
7.903208007936878277e-01 -4.199410947142401263e-01
-9.052633421129540059e-01 5.118097072818420523e-01
9.496025846539316584e-01 -6.406522105824929980e-01
-3.658377872417160503e+00 3.564992925337249208e+00
1.208721431759037124e+00 -7.424861413404637567e-01
-2.845322444370133042e+00 3.864063181566034899e+00
-1.532601955276727379e+00 -9.694951866618163328e-01
-2.709784708890934812e+00 9.982408986899221626e-01
5.883206732663429639e-01 -6.995911725043238993e-01
-2.301048800571270814e+00 2.300321551589753211e-01
-2.342204291136358307e+00 4.325424296952614517e-02
-3.980466869215264492e+00 1.996631344920165585e+00
1.102935868456531576e+00 -1.104452275292973296e+00
-1.149705589248616544e+00 1.072228749199583442e+00
-3.251226151141902054e+00 3.908197161679056730e+00
-1.836694448152782488e-01 8.948660750262877883e-01
6.605688808337979445e-01 -2.383387880221880528e-01
-3.319500093473558788e+00 1.063496854165729255e+00
-2.833261844283031738e+00 6.569325742284169989e-01
-2.917919848043062814e+00 2.511231568297517036e+00
2.081868464277791819e+00 -1.862487949559225253e+00
-2.820787389871517892e+00 3.060000780625008687e+00
-2.684682217403643989e+00 2.476367803021184422e+00
-3.372832278155399877e+00 9.199994578220562769e-01
-3.042229221054390642e+00 3.134642939312237253e+00
-4.082161403061200566e+00 2.002220924128623292e+00
-3.966334116250941122e+00 4.217750072656812677e+00
-2.333167458226347968e+00 -4.165329390343922022e-01
9.522617735895920754e-01 -3.702744294279523563e-01
1.322327649629317703e+00 -8.110469789841928678e-01
1.555209151757765973e+00 -8.373490298815883248e-01
-3.196361015979879650e+00 3.008309263931564281e+00
-4.297520307965329245e+00 1.991734591596132198e+00
1.273738030542934663e+00 -1.311769971585241334e+00
-3.360461416081442110e+00 1.358355694307540551e+00
3.789388930543849399e-01 1.589944041364773630e-01
-3.065879407632421394e+00 3.364610195516925639e+00
-3.611020571659348644e+00 4.205121605777579319e+00
-3.736928395029443628e+00 1.750986984591803131e+00
-3.442766537442974784e+00 3.194172554818856646e+00
-3.561377314240170122e+00 3.894240723579023733e+00
1.556821120125337021e+00 -1.345972528437481053e+00
-3.928550389069000559e+00 2.355351061895095022e+00
-2.591330597909502043e+00 4.045276107203704119e-01
9.407842224331859626e-02 6.324559866098199423e-01
-4.230871776450659816e+00 1.552902010072705563e+00
-3.103728454868681208e+00 3.244010047657882367e+00
-2.732342817443849547e+00 2.560465548790715751e-01
-1.867065075650856887e+00 2.507830547596697102e+00
-2.660195593384084400e+00 1.003773372186138158e+00
-3.170817570169270461e+00 3.624976592498476258e+00
1.229948892084473222e+00 -1.000618279621857232e+00
-2.414140893106882402e+00 -9.146954531221221374e-02
-2.722784951210862836e+00 2.937325066398598916e-01
-2.625085326885757908e+00 2.608457475871371667e+00
-2.519232167373260278e+00 2.178659611243363159e+00
-3.797556453678005095e+00 1.983641367206101513e+00
1.204103900702502949e+00 -1.141243987783123526e+00
-3.094192185748610324e+00 1.178558899773265445e+00
-2.614029374516054993e+00 2.617774191183876109e+00
4.203074352867404162e-01 1.467687000933572683e-01
-3.055575724421097483e+00 3.514999242320352657e+00
-2.501500444597508643e+00 5.859695038649492815e-01
1.300660336827896391e+00 -1.761130281590574498e+00
-2.413303283053585435e+00 1.902718787059562988e+00
-2.624231602392909757e+00 2.831073622729458061e-01
1.814917291912322650e+00 -2.046526811244828270e+00
-2.618626527021155947e+00 7.361833915185979071e-01
-2.048448945171890134e+00 2.087496502180954394e+00
1.111857707907590587e-01 5.074741434392788381e-02
3.592377954113574190e-01 -4.619126758187284687e-01
2.305524008392646707e+00 -2.255269825392182792e+00
8.104215888587370520e-01 -9.609371945718604424e-01
3.598961974018571319e-01 -1.413430013861516898e-01
-2.319108343622844792e+00 4.546479518064458492e-02
8.995312491300584412e-01 -7.030702575590733749e-01
-2.864089640763584743e+00 4.940925031665455158e-01
-6.919931682791528038e-01 1.158179311105133058e+00
-2.743239402779532821e+00 3.034779228198359324e-01
2.583891130808372072e+00 -3.181141822350559423e+00
-2.399186335688887173e+00 2.036317463095165259e+00
-3.805109554571179942e+00 4.035802186458254504e+00
1.974258702769028151e+00 -2.343592550840735367e+00
1.446604246907298830e+00 -1.356978133211610649e+00
-3.303439318274777214e+00 2.765756196146330392e+00
-3.655256522335513569e+00 3.553143707516061234e+00
-4.398343285985732543e+00 2.348145008680892154e+00
3.468040040937780399e-01 -3.340406840807459421e-01
-3.478351619687684693e+00 3.603058392877811045e+00
-4.996937206111803143e+00 3.263906048807549531e+00
-3.248896683854546996e+00 1.601319674148721450e+00
-2.066753418770018946e+00 4.372477622973472977e-01
-2.419716669360228334e+00 -4.397073369560471345e-01
-3.180549883159831115e+00 9.804117587135116052e-01
9.688529961221083175e-02 3.720610025119868713e-01
-3.731193366836755398e+00 3.547544663120926423e+00
-3.017213858593164932e+00 2.967657032343289814e+00
2.451773106198939178e+00 -2.438575599425373053e+00
-1.375657960781778266e+00 5.116971805917600591e-01
1.672903396449087587e+00 -1.895449261291578313e+00
-2.987692549705644129e+00 1.172966134720400788e+00
-2.706073166135602115e+00 2.652351858241624782e+00
-1.796368138563851913e+00 1.343335812046616562e+00
-4.817154269746397599e-01 4.394407260097721868e-01
-2.262716071160109088e+00 2.058563871888670072e+00
-3.928234997247083360e+00 4.532753840021646496e+00
-2.284486344219584630e+00 1.902099059783156410e+00
-1.733252147350565320e+00 1.256429454457982597e+00
-1.591733243431868727e+00 -1.378941116649280874e+00
-3.730816728509507740e+00 4.250200682827865784e+00
-2.319994076322342558e+00 2.042598926679084492e+00
1.308259587555033132e+00 -7.627424448861293005e-01
-5.039398846339928184e+00 3.121379867990919710e+00
1.573951321516992463e+00 -1.011765737998996162e+00
-2.816218501435058030e+00 3.146594293184539204e-01
8.814428075304771015e-01 -8.983807870565698739e-01
-2.960640072263475808e+00 3.384811862839831598e+00
-3.358236888043831581e+00 8.356885822763280292e-01
-3.211473710039006502e+00 1.059143908369330145e+00
-3.623264109757814211e+00 3.515809973290342949e+00
-3.066852424355078988e+00 3.283669777040677751e+00
-4.118544765392346818e+00 1.828034003919269068e+00
-4.142686222540631902e-01 7.137484209125773971e-01
1.416312739499874906e+00 -1.824312642502635917e+00
1.290280352586290924e+00 -1.315371325489156362e+00
-2.641043330624938790e+00 4.203731252693742038e-01
-2.054278012725311520e+00 1.596741568286544899e+00
-4.727689501657136084e+00 2.958707562167180782e+00
1.611947947090775157e+00 -1.368728570884322870e+00
-3.831459938882811223e+00 4.345069462106538438e+00
-2.399188778102557151e+00 -1.494049346841293258e-01
-3.691347811182723149e+00 1.852499101870708875e+00
-2.941805272435349394e+00 3.250331462964924256e+00
-3.518669249304787083e+00 3.265141383998153124e+00
-1.477172514988046803e+00 7.050308673061621567e-01
-2.640402178855606685e+00 2.837613046823730834e+00
-2.858981812107090903e+00 3.014979866499964523e+00
1.009394565909631503e+00 -1.436247602783197852e+00
-4.666265100760340623e+00 5.319286826847950067e+00
2.136384217025297794e+00 -2.210369118265301580e+00
-3.384720839695322780e+00 3.255912124603729474e+00
-3.466637713562566780e+00 3.653847478988739184e+00
-4.471981736480544534e+00 2.337050312035481525e+00
-2.198801778139546581e+00 1.896904302959202093e+00
6.492113935445505968e-01 -6.584235877170719897e-01
-4.159118839779739396e+00 4.920909054861748011e+00
1.159581532999092834e+00 -1.065861476496462457e+00
4.131143162389196988e-01 -3.224119901838108371e-01
-2.795053459041180854e+00 6.806961445842588665e-01
-6.897390908545464328e-02 8.433723368324648195e-01
-1.830158434156156977e+00 -7.659384865918962282e-01
-3.946211193034116160e+00 4.106296950242767529e+00
-1.689500225860894878e+00 -7.740683121464078109e-01
1.948027559168455491e+00 -1.588510212549056444e+00
9.934019616420391996e-01 -7.279075102415853982e-01
-2.171863912874642644e+00 -3.612192566357301793e-01
-2.134317871502804387e+00 2.047262418831857111e+00
1.313873017087377582e+00 -7.384132964220355699e-01
-4.032371194757175203e+00 2.143966472465415496e+00
-4.154335531602549203e+00 2.002153063208035100e+00
-2.891742488354301255e+00 6.979480792292416247e-01
-2.930725114038729373e+00 3.026173122171056384e+00
-3.772072589755897543e+00 1.811868035336181126e+00
4.538468358201151465e-01 4.658713033463596775e-01
-2.913104714455026834e+00 3.170939196685133243e+00
9.676565371694196838e-01 -5.679029647022657556e-01
-3.561883075728863091e+00 1.540341463745732886e+00
1.047793848362024605e+00 -9.252852526369617081e-01
-4.423811232100939961e+00 2.757467941798410038e+00
-3.309514328807492411e+00 1.174549507748249733e+00
-2.246980791592193327e+00 -2.459687331544654632e-01
-3.673321525760556927e+00 2.010838262389661235e+00
-2.291374269956818921e+00 1.634234514901465207e+00
2.614872080738526727e-01 -2.357078401524141664e-02
-3.400835112758266998e+00 1.033912770156941274e+00
-3.646422630699053258e+00 3.452710187137669084e+00
-2.128768604239740014e+00 1.768423016521234237e+00
-2.456805279797637631e+00 1.479168357934976530e-01
7.420591479758172904e-01 -3.702537864822362801e-01
-3.421361261219643346e+00 1.793167315792777439e+00
5.754077406981499276e-01 -7.546604640159462751e-02
-3.003027590687983306e+00 3.145999899554691392e+00
-3.161767609062259954e+00 2.991008347907638587e+00
-3.110113231632021691e+00 3.351997544929021799e+00
1.445995706759967359e+00 -1.301565641477127055e+00
-3.009031769096533360e+00 3.732121132719801615e+00
1.765597786883086884e-01 3.330611015317120893e-01
8.337703261915053732e-01 -5.914412817397647348e-01
-3.317460003798338608e+00 8.856759848033578519e-01
-3.800209096222327165e+00 1.947654687154361852e+00
-3.108847391656183845e+00 1.138306082083356374e+00
-2.518281554154700341e+00 2.674472422295840257e+00
-3.362162612632060288e+00 2.148539242549351691e+00
1.121261250588531988e+00 -1.156466859823154447e+00
-3.620272466778183595e+00 1.260761598198537392e+00
-2.450678828981648572e+00 2.645203411745204569e+00
-4.029434092487090169e+00 2.320919196668516538e+00
-1.801398994803565579e+00 1.703352817212838488e+00
-3.573223119461989672e+00 2.018548593591649176e+00
-5.112911585366612943e-01 1.151156918065793011e+00
1.446947044810613203e+00 -1.201220655235661683e+00
-3.766344570606679376e+00 1.884813057474492348e+00
1.583560105346218272e+00 -1.592359147869178315e+00
-2.609671791785288519e+00 3.839817152047518833e-01
-2.835723317614820549e-01 8.404098911077940715e-01
-4.576290834714852096e+00 5.720367057440210345e+00
-2.505414778305599555e+00 2.258746448681548724e+00
1.648391195389519170e+00 -2.083814868028917022e+00
-2.923858665632361742e+00 2.672832850321410714e+00
5.073399901109579835e-01 -5.954581225394189881e-01
-3.134824223221713613e+00 4.845482316672271583e-01
-1.770465796545352299e+00 1.858059867958451905e+00
-2.255607357641851607e+00 1.972339058948581192e+00
-1.784779773866831176e+00 1.252333770469186147e+00
-2.374219283870674158e+00 2.358907848468793755e+00
-3.097270656840299008e+00 8.133398119872915499e-01
4.663694098459185144e-01 2.582531587218220293e-01
1.384816407043973241e+00 -1.596441234571518653e+00
1.496798162742725591e+00 -1.460901635281359523e+00
5.330897132389387227e-01 6.486491615674576904e-03
1.801388486413534995e+00 -1.406139797884503384e+00
3.624446767638649369e-01 -2.534232743730958221e-02
-4.240806492265840610e+00 1.928838082043640156e+00
-4.518897629665540983e+00 5.689277771196256772e+00
-2.776412706983162337e+00 2.709689327125467173e+00
-3.173767232759022505e+00 5.001307963087057162e-01
1.382851565575153430e+00 -1.382343185839460586e+00
-1.957794421626813053e+00 2.255501766906269800e+00
-2.033880566029979242e+00 1.265207230846059350e+00
-3.865349155090579192e+00 3.966292108765447022e+00
1.529771738111403545e+00 -1.108630988855806132e+00
-3.273856426039987166e+00 3.321121571644415571e+00
-3.387167886505140668e+00 1.340701983767093930e+00
1.574688454089588685e+00 -1.410092713844491197e+00
1.545527348520352895e+00 -1.596714950739600125e+00
-2.364994374567895186e+00 2.288670152405046121e+00
-2.956936732063784046e+00 2.831051476310487480e+00
1.764055357155176473e+00 -1.208575283956359936e+00
8.546225444174945229e-01 -6.110350179854746600e-01
-4.811055165674474665e+00 3.037797600373954410e+00
-2.705599195713657590e+00 8.079923614801218790e-01
6.990605881597701243e-01 -5.558914113662993817e-01
2.114876608800085211e+00 -1.904949061869518179e+00
-3.566013654084530859e+00 1.216899701728905825e+00
-3.216562657366023537e+00 3.551115112102184224e+00
-2.807485308508267607e+00 2.535289479766909437e+00
-3.367579024037382407e+00 3.380204761092459709e+00
-2.524753971192247981e+00 2.617838078812916081e+00
-3.030539513943520724e+00 3.790100275615677083e-01
-3.410755057651863709e+00 3.602778372633600679e+00
1.240215589718601130e+00 -1.205835730465938838e+00
-4.099110660645863824e+00 1.911628560408007660e+00
-3.171132582728928728e+00 7.886587438055147059e-01
-1.346874874453716453e+00 9.843113116776279758e-01
1.976768825660845108e+00 -2.133924865164543938e+00
-2.636808612983788436e+00 8.764228650854926084e-01
-3.132300638943009918e+00 2.613358618275431589e+00
-2.888567324281915205e+00 2.377231864740076084e+00
7.163030548500971539e-01 -9.148265697623259030e-01
-2.597338210702231809e+00 2.415408604362902611e+00
-3.573593041751314203e+00 1.801126285715434650e+00
-2.240044061116037266e+00 2.591901013507659002e+00
-2.495336523366613601e+00 4.860241700938620624e-01
2.499607690761653234e-01 -7.445246974507950533e-02
6.448219269631715322e-01 -3.495606734328626231e-01
-3.796807748926509962e+00 4.327316292693834221e+00
-2.706131748083504096e+00 2.360901085956038425e+00
-3.339467010945707859e+00 3.441863303472822544e+00
-2.488923580154014825e+00 2.178670368929428669e+00
1.068609555559069113e+00 -4.865922004788107991e-01
1.634727249413760575e+00 -2.153440008771331460e+00
-2.991547438889904598e+00 3.301701997721828707e+00
-3.331701895070893205e+00 1.429457297402961347e+00
1.865662807199815365e+00 -2.354454053369404942e+00
7.706962565023620648e-01 -6.221272070869959814e-01
-2.270802882561036018e+00 2.294640632348046605e+00
1.564311878924427024e+00 -1.360083017831293040e+00
-1.334162331874046981e+00 8.562711757236015631e-01
-2.019723154256971576e+00 -3.958588806677701966e-01
-2.654837114958709332e+00 2.244620402952727911e+00
-3.908495319895579634e+00 1.873335177880124158e+00
-3.072198896584387828e+00 3.080396675525657546e+00
-3.531479696736099072e+00 3.910521742540106427e+00
-3.224640168547086461e+00 3.039641869511079619e+00
-3.370828498644803606e+00 3.391663442321106281e+00
6.364725438202893937e-01 -1.008060743744397358e+00
2.166332362570069225e+00 -2.187292543844662429e+00
1.774942131896765307e+00 -1.682807337075979071e+00
-2.512869712781215181e+00 2.370602998232071101e+00
5.935417500691161363e-01 -1.932016037415535403e-01
1.345001950019470094e+00 -1.435506006249506417e+00
-3.611718001864080652e+00 2.107298920870401826e+00
-1.121776635226522822e+00 4.728246289891775977e-01
-3.016499639045922443e+00 5.937161251850155974e-01
5.652629257062011803e-01 -1.489403963721936397e-01
-2.895310537155939556e+00 2.879781193597778177e+00
-1.820889514097376871e+00 1.362214825525845274e+00
-2.203643964047278025e+00 -3.217649022828415473e-01
3.786818024778673131e-01 -7.225762532457254972e-01
6.804419347401645668e-01 -1.994491360771628585e-01
-3.297968339733373000e+00 3.619415925890263619e+00
2.186334566381845423e+00 -2.766006046100558002e+00
-3.310935657965057288e+00 5.281789917709144300e-01
1.684531515958707981e+00 -1.916432447189581723e+00
-2.300852773204875579e+00 -1.376703416437308420e-03
-3.124604188803546290e+00 8.244585194475967382e-01
2.775464895317719893e+00 -3.004028243901311956e+00
1.008857197158226748e+00 -1.187590144348566579e+00
-3.639065450669577650e+00 4.050111836153237554e+00
-3.148958749022331638e+00 3.444232489205341530e+00
-2.610718830043094574e+00 2.176450146707155309e+00
-3.423315936184594843e+00 1.378176552714616143e+00
-3.968041592624042213e+00 1.387309149145886211e+00
-2.408513439388658917e+00 1.907296393051514105e+00
-2.448920349787207407e+00 2.519150798566097471e+00
-2.746886764764168376e+00 4.760877314764623280e-01
-2.227839333132078270e+00 1.735054801083400822e+00
7.097865115257814272e-01 -8.282978741343932638e-01
-3.257703291214580910e-01 9.487711636312884389e-01
-3.317330955088564348e+00 1.678181920121476711e+00
-2.912652514027979311e+00 3.066231594063379085e+00
-3.121760437016722900e+00 1.098602735475779024e+00
-2.435404260512327390e+00 -2.255274132407572296e-01
-3.419145751681243794e+00 1.789652221309082636e+00
-2.598625207995504560e+00 2.112385017292169043e-02
-2.917529238928574298e+00 3.459949207466273435e+00
-1.845640723013445506e+00 -1.642390588992335976e-02
-3.115126769286666431e+00 6.757160826965902256e-01
7.509461462107688279e-01 -4.729062754774000510e-01
-2.667584361200733944e+00 2.628838414926545575e+00
-1.958023696853597784e+00 -1.141662109665834812e+00
-2.512172213085018146e+00 3.007359625681572890e+00
-3.135411760404749337e+00 6.924168416225575662e-01
8.205704237130593270e-01 -3.598766280633565739e-01
-2.468336487158755865e+00 -1.056561517238059578e+00
-4.974698343119495547e+00 3.341464509871617139e+00
3.393215205357059117e-01 -1.540136755405753233e-01
2.013967360984671995e+00 -1.790096016841059345e+00
8.506835238812797684e-01 -7.490209930163030938e-01
1.735672314481626843e+00 -1.777965697315409210e+00
-2.794537237979306976e+00 3.298000838993490724e+00
1.417259834415398823e+00 -1.987436452810642074e+00
-3.536114166862605046e+00 1.711406788224022923e+00
-2.362132171943486014e+00 1.804356846336219844e+00
-4.338618658247843207e+00 2.943992226706090065e+00
-1.980649054448880841e+00 1.913028104007749919e+00
1.484539112777553349e+00 -1.127978912863020655e+00
-3.754527054426255450e+00 1.780333852799367733e+00
-3.598485786802279041e+00 1.366421059779608926e+00
-3.559865991799500140e+00 2.428004389971769594e+00
-3.388563655267085473e+00 3.477642706696323138e+00
-2.522422568942330745e+00 -5.818875481905829705e-01
-1.896825559120405291e+00 -5.394968735021042905e-01
-3.132136859915040539e+00 3.374764340939971241e+00
-2.374615184034233994e+00 2.573802523457398461e+00
1.089477548866080392e+00 -9.322889386299098025e-01
1.345452109085653714e+00 -1.024727326248968451e+00
7.463725920436309336e-01 -1.468595326561434600e-01
-2.271210738348341973e+00 2.149955902093091176e+00
-3.976948858545496179e+00 2.745575479472671887e+00
-2.655514932103377745e+00 2.060324574899702110e+00
-3.682927052918102628e+00 4.225994001644614251e+00
-2.806681523413118828e+00 4.553334610683887895e-01
5.617269648482057232e-01 -7.511422770228437518e-01
1.028132835460863648e+00 -7.811393647764969250e-01
-3.350162402551172924e+00 1.715981239493870047e+00
-3.448785704768830396e+00 3.796701919526629165e+00
-5.700802347478338916e+00 4.472004086725517524e+00
1.949977389403827546e-02 7.876891771395180264e-01
3.040902642477010254e+00 -3.776532160816853612e+00
-2.826386218075342072e+00 2.730586894591299441e+00
-2.409496103284233914e+00 -2.184418885143096789e-01
-2.946566449879874927e+00 5.533477017145060906e-01
2.591703545272652787e-01 5.091569187127548135e-01
1.216442738664163636e+00 -9.962024089883302347e-01
9.908022255293281733e-01 -1.423145850705167748e+00
4.492244417667387024e-01 -3.747435680684561565e-01
-4.468769302505045005e+00 5.372733543935625633e+00
-3.717222273560414791e+00 4.468206789108107202e+00
4.372299308208145718e-01 1.538961342888541806e-01
-2.241870466662521100e+00 1.975492230342133393e+00
5.096356857318659062e-01 -1.157841475472055348e-01
-2.939029015658617183e+00 3.199808473309399659e+00
-3.020481265724779263e+00 9.576177499287271688e-01
-2.400794150239212943e+00 3.127895610623379508e+00
1.455829032544565305e+00 -1.675942570483021754e+00
-2.998275316043882199e+00 3.250573728185923272e+00
5.891745754488305620e-01 -3.844501078482880363e-01
-2.594017433153723573e+00 2.451083342412816002e+00
-3.067306933008846936e+00 3.342530057104659669e+00
-3.908881464968465114e+00 1.572458379799153150e+00
-4.363594996487515587e+00 2.126139956256110963e+00
-3.321245161241739297e+00 8.291345853007384692e-01
1.210507462381250898e-01 -7.717491164673198623e-02
-1.964122532549740008e+00 2.126407448532305011e+00
-1.172453456032561903e+00 6.990973676869427500e-01
1.722781444278677743e+00 -2.016223370450644925e+00
-2.485949226793091604e+00 -4.554322551702042615e-02
4.239361981544967906e-01 1.067298523954054584e-01
-2.272663583441048907e+00 1.884783846350625680e+00
-2.787880474717853829e+00 1.272149569242140843e-01
3.903956873665542782e-02 4.161549818420500757e-01
-1.502204462796543849e+00 1.248587618912025521e+00
7.134035378324445897e-01 -4.336423205527427105e-01
-2.801451675164474686e+00 3.784708035542656002e-01
-3.364074295927492297e+00 1.259186566970957211e+00
1.151769336464756321e+00 -1.501176764914443629e+00
-3.225120999334690097e+00 6.146480220128310856e-01
-1.730952104412305737e+00 1.296465617626311850e+00
-1.758080804411122688e+00 1.768729383040216652e+00
-3.396542624917330500e+00 4.301050799466416663e+00
1.095925634263341442e+00 -1.129460239560375223e+00
3.641644184378027838e-01 7.152159197012843972e-01
1.340886045410604632e+00 -1.065346183431873150e+00
7.057846471811766165e-01 -4.426876114506805293e-01
1.143168351720463605e+00 -1.522687591587839506e+00
2.015879221163805024e+00 -2.037218086522878835e+00
1.107647827056538636e+00 -1.119701131992848930e+00
-3.473467371564784134e+00 1.727023661923149600e+00
-2.237219346924518959e+00 2.933626816627137313e-01
-3.678476165244449980e+00 1.772529298824333521e+00
-4.206477019270686846e+00 2.413238098114674379e+00
-2.903820181300504899e+00 5.153383709984239447e-01
7.260935881120984536e-01 -7.722030121450734752e-01
2.530985055352131252e-01 1.436650485890310358e-01
2.687859526665081072e-02 4.877175802257996962e-01
7.729862523360594428e-01 -9.078279099384635176e-01
2.403690401762564210e+00 -2.548681721374186360e+00
-2.258048182437080165e+00 2.448114821741703917e+00
-3.260562994243179080e+00 8.138069260000933003e-01
-1.660999955994774124e+00 9.688816016761374605e-01
-1.106176864714959018e+00 8.596944636521801630e-01
1.037622406554357113e+00 -1.120930078995258539e+00
-4.276980761924281893e+00 2.293199665417587685e+00
1.089367145486377808e+00 -1.556739922388562292e+00
-3.544652339697209609e+00 1.949478748161342256e+00
-3.528674610194899142e+00 1.499826907843841761e+00
-2.037670415460938411e+00 1.577216610971982513e+00
-2.982803039997046213e+00 3.005832350839672262e+00
-2.289130228066432515e+00 -4.246965153034428231e-01
1.529940541505388607e+00 -1.707710941365172319e+00
-3.863823084071364544e+00 1.704033044903290328e+00
-3.258110265290823815e+00 1.414637186589055240e+00
-2.440877332556799395e+00 2.685241235802770188e+00
1.766466926300314322e+00 -2.140867680378135240e+00
-3.362536557139120585e+00 1.079868186761355542e+00
1.535994291026395508e+00 -1.174008342670849858e+00
-3.774271966343883733e+00 3.838688791547888002e+00
-2.914946850031137515e+00 2.407684582381444671e-01
-4.692548592329429447e+00 4.544871887243756348e+00
-4.258258405255349821e+00 5.120983527791106660e+00
-3.841177340044987343e+00 4.078693287177720173e+00
1.604151485391712928e+00 -1.419727297287800782e+00
-4.140750926884281036e+00 2.066243322983196240e+00
1.785280829026993699e+00 -1.420476397846330840e+00
-2.250342421813585680e+00 -3.775772141173548424e-01
-2.164947344274193330e+00 -5.184296689703292715e-01
-2.339595242493705207e+00 2.095234740593636680e+00
-2.024186007470218485e+00 2.068601380554267344e+00
7.429573714567846432e-01 -2.446881070403598146e-01
-3.189479833387019347e+00 3.197747164006423670e+00
5.805785535466014002e-02 9.372968199320923510e-01
-2.805338434904808054e+00 -4.442233532963456577e-01
-3.356830574766068942e+00 1.348469051915066386e+00
1.132855987314002721e+00 -6.865285992807472759e-01
-3.064685595560743270e+00 9.106757534254588116e-01
1.399027204370722588e+00 -1.491407513606970880e+00
-2.106290725734119906e+00 1.324610136888626943e+00
1.651477072680380243e+00 -1.456473405714095115e+00
8.272901077330502284e-01 -5.765729490331062967e-01
-3.666939285787996106e+00 1.412078162278038063e+00
-2.818216996294159227e+00 6.014760023258979293e-01
2.545701047506757408e+00 -2.845790313641073155e+00
-2.009553668969282558e+00 1.472042284551483560e+00
1.809859432878931640e-01 9.011789468942476011e-01
3.742587776672751110e-01 2.738573630292922001e-01
5.768527642221923379e-01 -8.676690407344914147e-02
-2.580981975892443714e+00 2.869060232841082581e+00
-2.835161552524587236e+00 3.651829451382727854e+00
-3.509880692012735004e+00 3.751140078105586806e+00
-3.523448470653087750e+00 1.380292375004238403e+00
9.042017095281746908e-01 -6.723846438416158922e-01
4.899635788936688163e-01 -5.498383803754831600e-01
1.125071436447507844e+00 -1.136337051483937710e+00
-3.960586950239993964e+00 2.538776549206033017e+00
-1.630614565026716978e+00 1.616913739216816692e+00
-2.228276565990247260e+00 1.592810072815053157e+00
-2.536376429849825698e+00 3.002723469403989487e+00
1.044027252351636736e+00 -1.171842170427719765e+00
-3.553517827723229772e+00 3.471260887677258822e+00
-2.688202787025820051e+00 2.683506885485527516e+00
-3.590680107782832753e+00 4.464774671490095770e+00
-3.676103029304716774e+00 1.441690033198318677e+00
-4.556947721274767105e+00 2.681036405881047191e+00
-3.210798295262415003e+00 3.063352007456539905e+00
-2.721815871302677881e+00 2.800806606819267408e+00
-2.844052837708132220e+00 5.338652341583416394e-02
-2.408585596736994905e+00 1.872535584976353418e+00
-2.995043621169791948e+00 1.151233211537602719e+00
-4.672411715105917018e+00 3.162460719117537344e+00
-3.860707500856374708e+00 3.606230314383565450e+00
-3.498514941680855639e+00 3.397764405458904236e+00
-4.835721559291604521e+00 5.345715921982960417e+00
1.520964929460899340e+00 -1.334043401079328062e+00
-2.821679963220354637e+00 3.262387076370723893e+00
-3.442858680626009527e+00 1.268086280805365895e+00
-2.350993966143060554e+00 2.287965703898861225e+00
-3.479919779697264737e+00 1.596111519424864733e+00
-2.613123237249975972e+00 3.616255620599344023e-01
-1.624379738722960542e-01 1.152722207699589108e+00
-3.352838041723711360e+00 8.073136783453128684e-01
-3.053028074165981653e+00 7.906535802708271055e-01
-2.667701650679075609e+00 2.920972021815567032e+00
4.661164132061823562e-01 -2.238655195482559257e-01
2.038150002161478458e+00 -2.452326446248251024e+00
1.637719518398649932e+00 -2.229074812956167495e+00
-3.354811554755370295e+00 1.556267525671004792e+00
-3.169051950149938346e+00 3.596070399858972699e+00
1.375831113514631054e+00 -1.704414629235218026e+00
-2.920413518071927061e+00 2.968155638264651230e+00
-1.573777558980160807e+00 1.438747490206898405e+00
-3.333003341609905412e+00 1.285427239120936926e+00
-2.630580441810537629e+00 2.671888177160469668e-01
1.557668592889976722e+00 -1.803220343522109026e+00
-1.706892043596742070e+00 -7.604258240841773597e-01
1.237964923813417162e+00 -7.099852768883874177e-01
-3.680788981084015532e+00 1.573064801713294658e+00
-1.885712529548117633e+00 -5.197609303756004495e-01
-9.800827055805996224e-01 8.369070736554876655e-01
1.208225865326297832e+00 -1.003032220779649819e+00
-2.024635073509431837e+00 2.038594546633927695e+00
-3.137245262177796423e+00 6.333137147978166182e-01
-2.784476472684038750e+00 2.574431904880016830e+00
6.054669199435663840e-01 -4.161291900634133123e-01
1.320217934510897528e+00 -1.755506899171046964e+00
8.944104082101990150e-01 -8.461961194699243460e-01
-1.924061597026790249e+00 1.808133969460920421e+00
-2.592503254359106890e+00 2.769304978053695354e+00
1.769120878678986486e+00 -2.198445198486209229e+00
-1.760814147724269363e+00 -3.876390253544334530e-01
-2.595459456699148681e+00 2.323254766981896147e+00
-2.926395350877244894e+00 6.395310049459224100e-01
1.094839919234635639e+00 -1.014586487212202348e+00
-3.476671092155127152e+00 1.699364130407375661e+00
-2.586642567347933852e+00 2.781236661437161750e+00
-2.707979451304885821e+00 2.625699917240118086e+00
-3.375346563066914385e+00 1.253986851248763079e+00
-2.762550984040775592e+00 2.754919237249398467e+00
-3.013054767003196854e+00 7.697749295275045922e-01
-1.721543429999690789e+00 1.165330030448116672e+00
1.831241480537777189e-01 5.465497272721985267e-01
-2.149061235243354240e+00 2.085950395269515312e+00
1.748931208534751702e+00 -1.824489116706342617e+00
-2.758595669743383993e+00 2.477668956663833910e+00
1.639732602365958414e+00 -1.351428089600632765e+00
-3.965158404271068360e+00 2.256667172542185629e+00
-2.826655748084420772e+00 2.849857449215527083e+00
-2.284749925940703363e+00 2.415004949374580878e+00
-3.278044042943003777e+00 3.108384318036418126e+00
-3.564427318292466396e+00 9.169624501385009729e-01
2.509202090270873375e-01 1.505539936803346746e-01
7.797851686709572627e-01 -6.283774145652036847e-01
-1.642719659455617487e+00 1.113755598150898862e+00
-4.701945681150482059e+00 3.184525865657239496e+00
1.452467540958660708e+00 -1.368967041745252411e+00
-2.562078262056322941e+00 2.666289471361151353e+00
-4.827156247836488667e+00 3.271828933567799691e+00
1.409084114895760020e+00 -1.723850487599063008e+00
-3.471647996792210034e+00 1.373863881710786439e+00
1.290880205965196703e+00 -1.297428779638221341e+00
-1.794707478278222856e+00 1.490692110230597889e+00
6.025749664704413977e-01 -1.750303621256692546e-02
5.169780169629806243e-01 4.210950927331398863e-01
-2.172986318248114390e+00 2.132563402361049576e+00
-6.271368696655470476e-01 1.321845363936445139e+00
1.051741318537890324e+00 -5.566792102181795654e-01
-1.880730647214682083e+00 1.547668495395623678e+00
2.036389061396179478e+00 -2.281509320284819342e+00
-3.869646677041063576e+00 2.224670473160462514e+00
-3.860705664999519282e+00 2.128667264969442474e+00
1.432312521475409772e+00 -1.320666838803483678e+00
6.042399642092033396e-01 -4.972631445268237971e-01
1.697684049484432800e-01 -8.275133312323990076e-02
-1.922184314044705022e+00 1.839259470850989064e+00
-4.732943309315298386e+00 2.831220886558087013e+00
1.395717877852890032e+00 -1.188779151488897456e+00
-4.018116756817084578e+00 3.511883841954241969e+00
-3.333312171879915797e-01 1.158080112899381175e-01
-3.978627590752706222e+00 1.912171327040666835e+00
-2.581294363711795992e+00 2.455348256650198735e+00
9.929361596237055165e-01 -8.899812552504110519e-01
2.158364568841708131e+00 -2.437149456557517357e+00
-4.392047036578103913e+00 2.985116397805107180e+00
-2.016186702536282294e+00 1.824729632135049906e+00
-4.676103764267392826e+00 2.943263788381448531e+00
-2.160226627626421259e+00 1.924008128076608370e+00
-3.388660798698899246e+00 3.344963173365372633e+00
-2.237022683243691912e+00 3.887708584627929675e-01
-2.848329213559847695e+00 3.186762155931831764e+00
1.639828076255145373e+00 -1.464326157434549414e+00
-4.377794778607100312e+00 2.319722932851439712e+00
-3.314999482306503875e+00 1.436467524532561990e+00
4.683454087261073040e-01 -5.015167406594164268e-01
9.227123528784548778e-01 -1.803488364561829149e+00
7.294135812512425598e-01 -6.702284354595875460e-01
-5.561385620837396848e-01 1.068374757159183952e+00
-3.451897113266976902e+00 1.780077989943794625e+00
-2.789982189348766628e+00 7.974899001881472493e-01
-3.158030131508707594e+00 9.079244433082123145e-01
4.686396479603457954e-01 1.698302687368179187e-01
-2.115851582641543160e+00 1.784982294375310863e+00
-3.568382409665171284e+00 1.489122451001496872e+00
-3.847804574280450751e+00 2.180952314480610887e+00
9.900264491936050515e-02 -5.468925507827936822e-02
-3.291980971727040739e+00 3.113611762319389076e+00
-5.506382782030450063e-01 1.478623267495096316e+00
-3.362848261429335572e+00 1.112393224499861333e+00
-4.069830497249985690e+00 1.866474965943095254e+00
-2.017612703659018791e+00 -3.602376608805010205e-01
1.485375248463564501e+00 -1.203529775036751071e+00
-2.562968742778676035e+00 6.840552693594593725e-01
-3.347788666458162865e+00 3.168861676095335422e+00
-4.867424816033079971e+00 3.181091851633869094e+00
-2.196980816040358775e+00 -7.538559695194685384e-01
-2.491316597740653727e+00 4.922499444013588299e-01
-3.247185620297409425e+00 8.854632232363045530e-01
-2.417888004799963575e+00 1.759276446376828451e+00
-2.806821749992079340e+00 2.628434321331174939e+00
1.634487898478415024e+00 -1.730602920345775120e+00
1.865430096847708330e-01 1.677570414806396626e-01
-4.209223317805049547e+00 2.711526589579763336e+00
-3.098532414158612358e+00 1.027757384791326389e+00
-2.531862041981624678e+00 2.180414197173202950e+00
7.473494684118953124e-01 -1.530070280398046156e+00
-2.897357249890842645e+00 3.360862023757369421e-01
-3.057870088492264937e+00 2.997083632512549389e+00
9.591546808627856580e-01 -8.212157772238756204e-01
-3.413202436317068322e+00 9.798943910004063174e-01
1.865063590389356651e+00 -1.773574986072910198e+00
-3.354656234547575888e+00 2.596968361820024107e+00
-2.708504149309074460e+00 7.285445461239031806e-01
-2.381345197492649390e+00 1.897869841874240571e+00
-2.693199419901576963e+00 2.052472436343555806e+00
-2.963302285359975752e+00 9.431693149593511905e-01
4.934091205484086168e-02 2.686741501875776761e-01
-3.704360699124556344e+00 4.304332386294237089e+00
-6.683252576219780861e-02 8.712189596218896659e-01
-2.744077596096630156e+00 1.098101190566647567e+00
-1.547356816247120737e+00 1.586652396058156222e+00
1.174827197432725345e+00 -8.592576259468062139e-01
1.125197125823233085e-01 3.770009828979708488e-01
6.093812524769391947e-01 -4.843419155328719805e-01
-3.388372482849677070e+00 3.511744440800041112e+00
-2.862563490940459587e+00 2.837060567895120400e+00
-3.281373234386330218e+00 3.387696217851763780e+00
-3.135569497204176992e-01 5.337400485754612012e-01
-2.557135944837875208e+00 1.024899087289106170e-01
-2.656679721430114327e+00 2.409641532829809751e+00
-2.577822135275720683e+00 2.642003248980784313e+00
-3.206885849713802639e+00 1.161858693613984750e+00
-3.848125236188205012e+00 1.463257277685571012e+00
-3.545725574642136557e+00 3.787320354231558106e+00
-2.941899998719925691e+00 3.342569745846236007e+00
-3.126003469210690611e+00 3.069918515707939388e+00
-3.213666554311085832e+00 3.845669394566835209e+00
-2.554600367085720247e+00 6.339907031533504878e-01
1.506476204738651514e+00 -2.103211892671362104e+00
-1.786868538183861377e+00 1.351677528690291785e+00
-1.521371862811421671e+00 1.462275640850749570e+00
1.023660149714107348e+00 -9.237365638392169842e-01
-3.760812552551508148e+00 3.945138809938228963e+00
-2.626834603626790887e+00 2.818263805318393711e+00
1.141012483826020052e+00 -5.408512502690064894e-01
-3.801363417416045554e+00 1.833968551828184079e+00
-3.496475226633059208e+00 1.347726209614808601e+00
-3.592279814633657420e+00 1.800702216658355059e+00
1.702023461467333521e+00 -1.587479228503595019e+00
-2.589434221966384619e+00 3.720984292466803511e-01
-2.445424271110979042e+00 6.594435096664606755e-02
1.715488212522864542e+00 -1.771885469481164765e+00
-3.042636161168114750e+00 2.765044984310750298e+00
-3.296839411176632151e+00 1.414564079065310676e+00
-2.901666390284009189e+00 3.752579616399778772e-01
-3.136158446666525546e+00 3.011961833847997205e+00
3.012720953404371960e-01 8.885517813604573156e-01
-4.114741973229322447e+00 2.320202891244098620e+00
1.979046548081940138e+00 -1.908709187495581494e+00
4.968483925210575580e-01 -2.228270087705004621e-01
1.097423355274459444e+00 -1.036430752906338348e+00
-2.967653389832578537e+00 2.791485337401523381e+00
-2.552470572517891334e+00 1.269154608072150248e-01
5.741343908744962476e-01 1.492270544784136399e-01
-2.079069497881668838e+00 -7.492808901616685446e-01
-2.510655899272210334e+00 2.517786306861133028e+00
1.681160549193182918e+00 -1.761685921219485307e+00
-1.758195553455127458e+00 -9.208822044769513493e-01
-2.235520971377778388e+00 2.184189879953510882e+00
-2.246741191187434872e+00 1.833584253491712390e+00
-3.017026366020334471e+00 3.634209381954854323e-01
-2.882878296032248766e+00 5.045131023970343964e-01
1.085153127840895015e+00 -9.580432008713160030e-01
8.146252853116928150e-02 4.950659472654103666e-01
-3.565592390759052766e+00 1.388090137956821124e+00
3.115042421298070893e-02 7.553530168611133355e-02
-3.089705355270635501e+00 3.358949084280705044e+00
-2.719125007942076344e+00 3.014095732502730662e-01
-3.666246472613617691e+00 1.598441748221639314e+00
-2.579074159178722958e+00 2.850425955636850528e+00
-3.924005838230530951e+00 1.841024190010701611e+00
4.054043049268625243e-01 -3.445298660361078430e-02
-2.634994484695049710e+00 2.960382426415033574e+00
1.397871698083029135e-01 6.349555409667703154e-01
4.505672659701059346e-01 -1.910055550553584336e-01
1.695171150585799980e-01 1.682227745158967613e-01
-3.721815984714409886e+00 3.887348285736487163e+00
1.303096964016566384e+00 -1.078314224444446134e+00
-2.087380939374138933e+00 -6.088255925088933429e-01
-2.983025811348378298e+00 2.960590966321542172e+00
-2.909425615269448429e+00 5.909077023760589409e-01
1.392432266071694347e+00 -1.480922173601809000e+00
-2.648568196915203732e+00 8.828901266000084291e-01
-4.122382080386011616e+00 2.057621759771398384e+00
-2.319358112818425521e+00 2.016966101008274226e+00
5.849776729174079870e-01 -5.625894108356433998e-01
-3.537808534187917076e+00 3.535689874333848071e+00
-3.476748190620977397e+00 1.513078122469090347e+00
-2.872764252418096298e+00 3.076126177869531464e+00
-3.101704332450756940e+00 3.367168404268993775e+00
1.272031441987817146e+00 -1.372078212604935565e+00
-3.678624452489102747e+00 1.744481113262192018e+00
-3.854308571364114755e+00 1.760678961816917409e+00
2.070891702173239590e+00 -2.807154531479193693e+00
-2.852152580426629669e+00 2.619249856162882750e+00
-3.423921325540111749e+00 3.736718717359254427e+00
-2.806978598513747869e+00 2.193098676665236724e+00
-2.215364871588908269e+00 2.279467332004448288e+00
-3.454360297057766704e+00 1.424407866694173963e+00
-3.851927513243482704e+00 4.441619944669274567e+00
-2.966506925281430451e+00 1.099837432817335703e+00
-2.579750623385374197e+00 6.614393040431261195e-01
9.552070881024510296e-01 -1.064953580298166225e+00
1.620764078867032443e-01 -8.217352731636719254e-02
4.799254830090819990e-01 1.916578195257793993e-01
-2.812069368687708515e+00 2.754668875614499246e+00
-2.348495020036459380e+00 -1.159138348458367551e-01
-2.240294024714046373e+00 2.165964480931438452e+00
-2.733255343201046461e+00 2.778285665547417516e+00
-2.466704721091139252e+00 -7.694914967526258476e-01
5.728090735941362421e-01 6.533303174966753613e-01
-3.081862849599011689e+00 3.413034225999101778e+00
-3.924024177473163455e+00 2.270176082889162394e+00
-1.952803781819999029e+00 -8.226018189274533210e-01
-3.510478147189106668e+00 9.003080461622989805e-01
-2.393353591502930922e+00 1.897208603803809845e+00
-3.432254306096238494e+00 3.581333653258671479e+00
-2.826825938360418622e+00 2.725559550634900408e+00
1.408520561179010366e+00 -1.389364807055197160e+00
-1.313085724329929649e+00 8.500702636576440430e-01
-2.935943731563691816e+00 3.287103895163944856e+00
3.447200092803024973e-01 1.093073520890077976e-01
8.307911831048994111e-01 1.789157187198240906e-01
-2.995087160845209873e+00 4.618940612122837130e-01
6.375938988865333945e-01 -1.220066319306623681e+00
-2.437973657513178960e+00 4.817325401987271882e-01
-2.847405315513404922e+00 2.632216452769529536e+00
-2.897684921712293526e+00 8.637292872225534879e-01
1.198438876836584122e+00 -1.087746276482240759e+00
-3.089882276595975252e+00 1.172733060205391364e+00
-3.132480874501460288e+00 8.395753545522395278e-01
-3.561694636744528797e+00 9.199183691905828963e-01
8.824555623980291363e-01 -7.221302931509991918e-01
8.666620556513754403e-01 -8.409869498324161752e-01
-2.177472793823161723e+00 2.063717993622441238e+00
2.441310185647059261e-01 4.518307332655569636e-02
-3.566483604989540535e+00 1.401793528405681055e+00
-2.867493184282169150e+00 2.505431364453676313e-01
1.011968853090473353e+00 -1.316543983518583483e+00
-3.692807433570870046e+00 1.266493722853492265e+00
6.263507378816274285e-01 -1.827871404277116307e-01
-3.712607804541497192e+00 4.637634298238111796e+00
1.927561245572424697e+00 -2.480388863803347110e+00
8.966376172706187475e-01 -3.750093871324702843e-01
-2.498053801799335449e+00 2.661525696492516246e+00
-3.132755280846979851e+00 2.905654273909894059e+00
7.115546515234211222e-01 -1.180076842158691158e-01
-3.111789387239683791e+00 9.691465208632578099e-01
-3.588289796610549587e+00 3.900146609956521626e+00
-3.577261791058450324e+00 1.677829487113391860e+00
-4.458230218030673875e+00 3.024154260226746160e+00
-1.987149782337620740e+00 2.453017159175068684e+00
-2.132536458015795944e+00 1.746454609500538879e+00
-2.383653159539804278e+00 1.118589218646938027e-01
-1.852206709270850959e+00 1.564792154768684940e+00
-2.978720068190756631e+00 2.906227615229457939e+00
-2.705481164469997424e+00 2.567407868837990659e+00
-3.226976301290385596e+00 7.272296131797605367e-01
-1.933729836301713467e+00 -7.015293638098331064e-01
-2.563868671542802069e+00 2.808618622757876881e+00
8.743485172358614888e-01 -1.921196730838704014e-01
-2.836771934350455382e+00 3.200741745735951493e+00
-2.553700338179897944e+00 2.295928100971717623e+00
-2.233330502150008279e+00 2.187391547699808481e+00
-3.047975052015583497e+00 3.165001635132519198e+00
-2.485149610084027572e+00 2.113494157951622210e+00
-2.889836963492506960e+00 4.641264510303623747e-01
-3.344620671388222721e+00 3.312285322917443153e+00
-4.309920545538275860e+00 2.734867043149527888e+00
-3.436045467373455953e+00 1.277921905143710291e+00
8.472719174965100963e-01 -2.721838694976335127e-01
5.320958034719528440e-01 3.029024325462581144e-02
-1.631947167131423404e+00 1.589112336328109443e+00
-3.385516445727788870e+00 1.534087351680444966e+00
-3.821372076359207615e+00 4.230735779933675111e+00
-4.356681503010611856e+00 2.236410738597153003e+00
-2.529056814366047679e+00 2.572673890987265399e-01
2.024990802317313765e+00 -2.379391398639391753e+00
-3.035206049061160982e+00 6.832991612520668001e-01
-1.937875478968466014e+00 -7.406003240882559346e-01
7.667471718790013213e-01 -1.174275411759865273e+00
9.384477767994023889e-01 -7.712997211609808890e-01
-3.484323773197955276e+00 8.397653301532038705e-01
8.833843530800508104e-01 -6.755512227857335406e-01
-3.252922494274097964e+00 3.403015897308150350e+00
7.483991512527834455e-01 -9.358059143679580139e-01
-3.171389754549870155e+00 5.977719473934643979e-01
-2.632732847974295964e+00 -4.771698023205450667e-01
-1.845417530105407433e+00 1.671208158213033812e+00
1.894030818016212425e+00 -1.466086881711379464e+00
1.241209425725748661e+00 -1.279358998733766573e+00
-2.423758008996539814e+00 2.808350432437982658e+00
6.373229929740397148e-01 -4.738499526376570015e-01
1.692415589696766975e+00 -1.927823065798669910e+00
-2.516019025759306693e+00 4.529489715135308625e-01
9.993074805965620477e-01 -7.886128978021407221e-01
-2.814613307815701404e+00 2.924506386129651858e+00
2.738049930098401585e+00 -3.087451991434918330e+00
-3.793135534821964416e+00 2.413435903804768135e+00
8.175386864155059774e-01 -4.617014077761892876e-01
1.101459297981314922e+00 -1.072789392511652951e+00
1.096715144190091529e+00 -7.231601485000692664e-01
-2.558801267248061340e+00 6.696705679787652576e-02
-2.404733618383658733e+00 2.753670644442272608e-01
-3.045657372479788627e+00 5.791628880495127696e-01
-2.091244523306160286e+00 -9.724952261005250786e-01
-1.697907193863197994e+00 1.335268758479264406e+00
-2.737050601454748211e+00 2.441746849054591273e-01
-1.988359146084319073e+00 2.204330266069661093e+00
-3.799378470764266602e+00 3.955976477151142756e+00
-2.472719177183043016e+00 5.242021159968263122e-01
-2.521874346202231720e+00 4.302952113850516680e-02
1.026010949094637859e+00 -7.920850583713248128e-01
6.768204564286299518e-02 1.955410618986931082e-01
4.141694072983657549e+00 -4.877327927592576273e+00
-2.548696966451049928e+00 2.387101676173136955e+00
-3.265092614671699867e+00 3.362365854034644830e+00
-1.739225851897213682e+00 1.431926863087289448e+00
-3.571652919056234943e+00 1.168150398478728702e+00
8.872403970798009576e-01 -9.461478433265733123e-01
1.680619931955472435e+00 -1.712560249966636361e+00
1.636300991952492234e+00 -1.547870935432942519e+00
-2.432332999016678876e+00 2.162520898526183899e+00
1.037826095572760288e+00 -1.236199140364716564e+00
-1.851621902425056865e+00 1.627046856254744434e+00
-3.045435322881761664e+00 1.019784450463043557e+00
-1.855332371012639703e+00 1.596997957675852842e+00
6.130967987957509635e-01 -5.831532438177332578e-01
-3.545840728273498499e+00 1.288822461445577439e+00
9.104653557682719223e-01 -6.180322170782664992e-01
2.084834298052693491e+00 -1.916359974499957541e+00
-2.564967089156993119e+00 2.099500718846734892e-01
1.207916941799128230e+00 -1.038724772735239332e+00
-4.319728105187301992e+00 2.391544780295843609e+00
-2.066197268475046922e+00 1.807652303799329507e+00
-3.077639471024724571e+00 3.096157583217367115e+00
-1.619559163196557794e+00 1.363668921671356005e+00
2.026346398108251901e+00 -1.933483657350407947e+00
3.094730878695720389e+00 -3.210689063414704503e+00
7.003844898744235881e-01 -4.727374342535067830e-01
-3.153590228499045800e+00 1.169962564541397354e+00
1.915519913028617571e+00 -2.055169930631116859e+00
1.391291420927860678e-01 5.897237478805131827e-01
4.395639857346465007e-01 5.480388902203474633e-01
-2.771529737027500495e+00 2.800865213079279048e+00
-2.480006227256410067e+00 3.599671911271497549e-01
-4.295727880163292767e+00 2.733281871060230461e+00
-3.635523126716688758e+00 1.586945315160195102e+00
9.323489592708196216e-01 -7.388749103504986815e-01
-2.345266351438878072e+00 2.291958276875674549e+00
6.851695984374427117e-02 2.671143862965408844e-01
-3.263798463246475823e+00 9.731804441365116132e-01
-2.063175292446697728e+00 2.344432766746166408e+00
-2.104967593342930599e+00 1.821890373825448606e+00
1.418725896174453327e+00 -9.890137730864440035e-01
1.266482440390480635e+00 -6.536750897242433744e-01
-2.200534185793036723e+00 5.453814298212185108e-01
1.919576004513351197e+00 -1.491461586383977300e+00
-3.426716452292421167e+00 9.252678502826540141e-01
-2.874748118407101760e+00 5.502469378512249154e-01
3.436932929768127254e-01 -4.837317843941547901e-02
1.190107708627876404e+00 -1.317353562874254091e+00
-5.841867217084567576e-01 1.229072543435309806e+00
-2.714422602516373129e+00 3.191974342619512406e+00
1.134343228904567846e+00 -1.190203884823467284e+00
-3.563389228673173648e+00 4.244318695556429155e+00
-3.605831253808893244e+00 3.296280428944284413e+00
-2.654078570852622665e+00 3.033821078584013620e+00
-3.301015492964458176e+00 1.570164892401551660e+00
1.287113254250587646e+00 -1.284845723220022551e+00
8.169708414639691441e-01 -7.281231743586706884e-01
-3.322828719496093264e+00 1.385017392382215773e+00
-1.578906253921797509e+00 -1.233227644572797654e+00
-2.414634693403480359e+00 2.565192347569867692e+00
-2.666034599326969179e+00 -1.281995505536977498e-01
-2.682915226541795484e+00 1.312406448963680528e-01
-2.249565045424583243e+00 -3.170963741833021654e-01
-6.240250989384745622e-02 -4.526422880756596212e-02
-3.337893862413517265e+00 1.276186745156432600e+00
-1.618771989580489512e+00 -1.288567044096045944e+00
8.076083114840999500e-01 -8.196438415789254750e-02
-1.673493476509658739e+00 1.877792098965728407e+00
-4.065197994674769610e+00 1.830954462359061008e+00
-2.322379632919159054e+00 2.600232922929031520e+00
-2.734103045226323303e+00 -1.386846230147389114e-01
-2.754594007492106034e+00 2.429950300615986158e+00
-3.895060935823687842e+00 4.382180310934153056e+00
-2.655367376722583828e+00 5.165149582769564818e-01
-2.340817205371008125e+00 2.236117806116901807e+00
-2.840755986802657507e+00 3.065478898820519493e+00
-2.247674646526241826e+00 2.098247753687296768e+00
-3.013420040961671820e+00 1.409817993555353866e+00
-3.982676446917016388e+00 4.106909459038941890e+00
-4.294544277207798189e+00 4.375557724083123823e+00
-4.654808940007372442e+00 2.884402533883118736e+00
-1.733883082739636983e+00 1.556062046571480950e+00
3.373557627744698806e-01 1.037136802102677918e-01
-2.833068511005699897e+00 3.029278538740122872e+00
1.608589500027996833e+00 -8.894631418489915564e-01
-2.496306265813983405e+00 5.251287812866523019e-01
6.647546479646582185e-01 -8.430778826527858261e-01
5.997079658472824759e-01 -4.471584941644448641e-01
3.826539515061937458e-01 2.394024782155874387e-01
-2.993798446164671834e+00 1.091260259222815776e+00
-2.703097029209395430e+00 2.621159484694671526e+00
1.434172429847130115e+00 -2.183262785333865974e+00
-3.706101434641792203e+00 1.261843296222219024e+00
-3.769126888186288493e+00 2.102126407335051628e+00
7.249610029065348682e-01 -1.673632760115434104e-01
-2.829614216040943653e+00 3.077929527680115740e+00
9.294111638393673935e-01 -1.124160519037624928e+00
-3.200037363495833453e-01 1.875193611165053842e-01
1.528515411500542376e+00 -1.685191724176052785e+00
2.062824376520472625e-01 5.533092538050348175e-01
-3.498763776036170725e+00 1.231812138410322666e+00
-2.766526667430436515e+00 2.799538020986805265e+00
-3.667489773576644740e+00 4.266500376656654936e+00
1.846808831539456242e-01 6.927579601216606875e-01
-4.048280253093881065e+00 2.043560593924367730e+00
1.425730086492768445e+00 -1.439523309870655021e+00
-2.425564803646365064e+00 -2.651856928682004289e-01
-2.817634024797152303e+00 3.197943339552204112e+00
1.179628272541868750e+00 -1.542625017600488313e+00
-4.973813169767891118e-01 7.822779690681144205e-01
1.130898769959944428e+00 -1.130334027187612778e+00
