5.867498067335642276e+00 8.177151880030342213e+00
5.613699815229969303e+00 9.932955265811791890e+00
7.225084277857702908e+00 1.044886193892150672e+01
6.762822546316169969e+00 6.051453524386278815e-01
8.016182400197797264e+00 1.543147008790984431e+00
8.401853559662839643e+00 -3.734813153278214726e-01
6.511922766695386500e+00 9.813429020266614344e+00
7.399679602525229605e+00 9.125888100340231457e-01
-4.984363346491187841e+00 -1.142227525072851790e+01
9.888250958231662224e+00 9.024139190174933489e-01
8.800021429840212406e+00 8.543235209407512798e+00
7.953113720266394182e+00 8.368976644531578302e+00
6.108460663453790573e+00 8.233439954433162455e+00
8.339755138056192507e+00 8.888149571846016173e+00
8.883610840456855229e+00 9.015898740093083674e+00
-6.668436976547093664e+00 -9.357071676776300251e+00
-5.139044280758511718e+00 -1.014831194725306496e+01
-6.916203652826219184e+00 -1.132959632175843723e+01
7.034432405163599356e+00 9.697367382354332932e+00
-5.946670638871868420e+00 -1.118065008751479539e+01
7.105963548929559614e+00 2.135145720765751598e+00
-4.600208696127608299e+00 -1.048989837383532198e+01
8.248408416963311396e+00 8.282912697020499593e+00
8.953624073629827151e+00 9.489034167236585660e+00
8.330234345783939176e+00 8.621300497783135341e-01
6.434919594229767448e+00 9.974160938180752112e+00
7.825653868184561546e+00 1.488379966310302116e+00
8.185340064175168351e+00 1.385267345833386843e+00
8.263075241990508246e+00 -3.446222765427080503e-01
7.950233605531554559e+00 7.160689184609599911e-01
7.413952626309932903e+00 -4.571562943632534459e-02
7.336543286852094781e+00 2.193163669386803072e+00
6.796158770594091791e+00 1.594133492333903002e+00
7.266972544532049660e+00 9.870458363207179175e+00
-5.028964002663898647e+00 -1.002858604518697661e+01
7.700350037539863912e+00 8.341071869387723936e+00
9.815883092150675893e+00 2.286650419260335187e+00
6.696276518996429949e+00 3.608421898576329445e-01
7.269469547555358346e+00 1.098320369097368854e+01
-2.981920282136846900e+00 -9.786117302529754980e+00
7.309447719262704091e+00 -7.325593990795133958e-01
6.739826357551413238e+00 1.011672426783232837e+01
6.166919204554321965e+00 2.868432877487601118e+00
8.112973084114187827e+00 1.285644878521952084e+00
8.062629286973256981e+00 3.433268894772197877e-01
8.264292007426421449e+00 2.109578257543629931e+00
7.782240051142107262e+00 8.550831506011610017e+00
9.193772680744862313e+00 1.026786712477187891e+01
1.040777751138305440e+01 -4.841736012941244560e-03
-6.311133479905805643e+00 -9.809742201508973025e+00
-6.084724423776730617e+00 -9.845478381338557128e+00
7.759315156161751048e+00 9.129635131082309840e+00
-4.673249551225657328e+00 -1.010521635361792470e+01
7.686262224157505152e+00 -4.255056440640325732e-02
6.036712542467066456e+00 7.102468016402803119e-01
6.107233607435910372e+00 1.730102572580255460e+00
-5.687296192651046134e+00 -1.089346944158724995e+01
5.109272013339591467e+00 1.205277446190713198e+00
7.141716038321539450e+00 1.031154167490857532e-01
8.210793409692437095e+00 9.622313759787747500e+00
7.011198993436511984e+00 -7.676503923577149280e-02
-6.467229557857470112e+00 -1.054197226536209797e+01
6.553291032056657528e+00 1.112520497213697279e+00
8.682096469250273785e+00 1.948442896708630911e+00
7.277755137913985983e+00 1.076824835026648763e+01
7.281167530179515346e+00 1.584804245450586735e-01
7.248312978403470552e+00 8.094622660697190497e+00
8.993879847019663032e+00 2.203768146439463393e+00
7.926478168037224492e+00 2.563457094912485079e+00
-6.153014200509557163e+00 -1.011924514050670609e+01
-6.602074855220300797e+00 -8.050079106009510710e+00
7.983010592123246596e+00 9.857535527340445469e+00
6.915116957253907515e+00 8.648123835168608053e+00
-5.128679833104582642e+00 -8.834628397197528571e+00
6.158954831030094113e+00 8.702086854283482609e+00
8.700972609794412449e+00 2.583139854885612707e-01
6.710243865465348456e+00 -1.332682822650295806e+00
7.829581778043418261e+00 8.897791207617569142e+00
9.682462159024758819e+00 9.311574917019354913e+00
-5.974427727840465607e+00 -9.309508522136896502e+00
8.818758270713772163e+00 1.102768829835277842e+01
8.856582331625864057e+00 9.522040429570326481e+00
9.006185678808119377e+00 1.302993229376714135e+00
7.048081812595345497e+00 -5.890157363266217416e-01
8.814392230865275124e+00 1.114310632590270878e+01
7.825101071078500503e+00 8.418652661123031677e+00
-5.194237231883694683e+00 -8.945433446243455933e+00
7.799107970547489721e+00 -2.528998195481192424e-01
7.568333855095812801e+00 9.324433090070357366e+00
8.337789856297881386e+00 1.735394390874295478e+00
7.366828120965014826e+00 6.645720257996434732e-02
6.160280436428083206e+00 6.222701932708633032e-01
7.145159014356330829e+00 9.146750066364450760e-01
8.224758443953918530e+00 2.500053155905994640e+00
7.206527936021847935e+00 -4.657930781889541016e-01
7.041872335455160226e+00 1.018860234648366614e-02
6.257732344994565210e+00 9.496431735567265164e+00
-5.199033801792536380e+00 -9.399784691829689010e+00
-6.048289536714639425e+00 -8.427778457358012787e+00
-4.154160085626839916e+00 -9.012169754244618858e+00
8.182404213527414427e+00 8.169999776999951280e+00
-5.221746078998823037e+00 -9.926625290883958286e+00
6.070749493617276116e+00 9.846402987399400786e+00
8.386556404647404150e+00 8.825779616789773740e+00
8.179925620803048858e+00 3.305882842083511797e-01
7.448944604740855624e+00 5.424959171719166973e-01
6.025452324867893950e+00 8.306239229660908663e+00
-5.912722847227814604e+00 -9.954249043476171011e+00
8.189046959257753500e+00 1.059029235158620708e+01
-5.123443285098904454e+00 -9.374059845552769943e+00
-4.825441868445305538e+00 -7.666739289768528032e+00
9.941099030505032630e+00 9.223956669241191619e+00
5.938560238150512482e+00 6.931012877322304533e-01
8.700355043352281825e+00 2.610673653996727350e-01
-4.330978258677099291e+00 -1.003088205385548193e+01
8.296088054879005469e+00 1.922766117375603878e+00
7.651026730091285089e+00 9.739169432253849124e+00
7.212575637550999730e+00 8.617371256920025147e+00
-3.898184663059055755e+00 -1.020406591825223330e+01
5.717052938053734046e+00 8.807722002399369643e+00
6.974228218665259327e+00 9.558968161198709623e+00
9.621222051741709080e+00 9.254231466750656443e-01
5.759563539119174180e+00 9.260533394870812396e-01
6.730298734365704583e+00 5.457561235403030064e-02
7.727470592889027046e+00 9.039188152396107512e+00
5.678210894350837812e+00 1.001084771000453344e+00
-5.272910031792322094e+00 -1.120966791986710120e+01
8.386085131939442050e+00 2.096626205951925392e+00
7.380179686934908112e+00 8.530768233907268794e+00
-5.702407159182655505e+00 -1.078917396976814302e+01
7.771386805226157435e+00 8.979386489826863826e-01
-4.936734874914320059e+00 -9.191001159550683752e+00
7.452720545096935822e+00 9.412410341723735030e+00
7.144243367235228348e+00 8.889174214457861822e+00
6.083609265990392423e+00 2.294314468245461036e+00
5.034494211073945458e+00 8.580249883654439413e-01
-5.124424696545681890e+00 -9.843944698856898157e+00
-4.004154564356380064e+00 -8.428161403890179315e+00
8.601997266021987443e+00 8.326588893750793474e+00
7.559011820856631481e+00 1.054086940483373880e+01
5.590110356257705249e+00 9.911878641702308812e+00
-5.947251244671814874e+00 -8.538809489494255445e+00
7.000586410374709523e+00 1.393360672432766290e-01
8.924096878142805167e+00 1.083778219294786904e+00
6.174767409046597599e+00 9.212977447521499386e+00
-5.003227042045203632e+00 -9.416961543957196312e+00
7.938290784275062073e+00 -2.562382111779251126e-01
-5.023067996557006865e+00 -9.999458564189030341e+00
8.463323400856188172e+00 6.026726620271650736e-01
6.794439983093450763e+00 1.802249598107345196e+00
1.039883957737404607e+01 5.521905194118359450e-02
-5.076041457687192171e+00 -9.351846186159296082e+00
8.229433043071670895e+00 8.763344302428237143e+00
7.924351295205772416e+00 -1.216835598765273474e-01
8.204206924776991983e+00 9.314904357032409266e+00
7.572268131470567099e+00 5.029428179390937892e-01
6.483636661282081270e+00 9.310329346540186179e+00
8.432770370605535248e+00 -8.497684274750005873e-01
7.698206974705430916e+00 7.995878391440360833e-01
7.423823808501373023e+00 8.678360212342868252e+00
-5.046755427143654771e+00 -9.795698333066285457e+00
8.873568810644069771e+00 8.780775483998279896e+00
-4.836512365539544334e+00 -1.022672934534014999e+01
8.815456625950373493e+00 8.763860459061515229e+00
6.754450538142922511e+00 9.745319331430215115e+00
7.799246924074256349e+00 1.059576952407540240e+01
-4.779839171675767773e+00 -9.390613349452344494e+00
-6.454226458379475062e+00 -8.711281688165350090e+00
-4.228722433891046073e+00 -8.302065503531526502e+00
7.969146637036670811e+00 -1.573851663270285250e+00
7.931948832244168912e+00 8.495614797800598694e+00
-5.658576890390265568e+00 -1.028971577844039587e+01
7.578182768189857477e+00 9.586292328375526139e+00
-5.520146773496762194e+00 -1.112996415512232495e+01
7.620515842091221792e+00 9.371448142389962044e+00
7.077847379125639549e+00 5.414860722723697783e-01
-5.242538734030300240e+00 -9.049481936667133297e+00
-5.686218637997501268e+00 -1.030395340211841670e+01
9.401729775317619442e+00 9.554223659094546406e+00
7.046622464688026000e+00 -2.611435327723737876e-01
6.472682100305553021e+00 1.689784825301843707e+00
5.801720477129853393e+00 8.788728124314356904e+00
8.293643637409417124e+00 8.688941540134297981e+00
6.859848795141785693e+00 1.303552974748608762e+00
-3.991123449366545284e+00 -1.090740251908876601e+01
-6.272960836596895184e+00 -1.088065998418328562e+01
5.697201599581630305e+00 9.488590023562112563e+00
8.171723901849803795e+00 4.224869216632585189e-01
8.288000426413091759e+00 1.003299053272647612e+01
7.248120184081138007e+00 8.015368585468202411e+00
6.654540692797050738e+00 -3.070277331870898685e-01
7.186550772548780053e+00 1.062332335596512678e+01
5.667212974690009730e+00 4.238272098200760452e-01
7.686796567666896784e+00 8.254406970021335610e+00
6.360253565274317289e+00 8.951396071193423509e+00
8.368110450306595283e+00 -1.710309548384969514e-02
6.827990946666265160e+00 2.370643895984995808e+00
-4.935837980579244721e+00 -9.496398361849873737e+00
5.252137812294801478e+00 1.085569348647463350e+01
7.992614666662580802e+00 2.418180093229219452e+00
9.197832771944105090e+00 1.203679712134660740e+00
6.561814821547202747e+00 1.608629657237417021e+00
8.011886362571837950e+00 9.659491455164832985e+00
-6.339454734843305239e+00 -1.026520193367439227e+01
-5.877460268677811683e+00 -9.826309309943169978e+00
-6.685749685533131981e+00 -9.300200587866987334e+00
-5.769443834768027912e+00 -9.712366272921084231e+00
7.061272910457071283e+00 1.665921791524644924e+00
-5.668250838309434769e+00 -9.022958994486561579e+00
7.395238695684469121e+00 9.144728088087731521e+00
-6.148547140298989078e+00 -1.016280757564956438e+01
7.112534777925933582e+00 9.433268140022674331e+00
7.579296949697743813e+00 8.767230872016988030e+00
-5.599813403432038150e+00 -9.907355440222582743e+00
8.226934524657892212e+00 -1.635784119207832621e+00
6.376793960828726071e+00 -6.699167368942171574e-02
6.305749769685874639e+00 6.727023564289624780e-02
-5.337616029305193521e+00 -9.514251046561861713e+00
-5.412503887576079364e+00 -7.661568365013406989e+00
-3.913669130661673989e+00 -1.117147463771343929e+01
6.715800445881374259e+00 1.140678039553265677e+01
-3.391750009675640776e+00 -8.467334273681796475e+00
7.354937801108134110e+00 8.772336763290912387e+00
7.484859891970932821e+00 3.341135909805394988e-01
7.757043190235179964e+00 -1.310970600627086036e+00
-4.971562466907386124e+00 -1.194862295561416765e+01
-5.627891645659855335e+00 -9.513651009147276127e+00
-6.384982651394786046e+00 -9.556306189626287306e+00
7.507434725298852918e+00 8.124838847025351640e+00
6.137357459004443072e+00 8.287569516754741628e+00
-5.586848581582997575e+00 -9.684107601004480870e+00
5.949916822956867080e+00 -1.674618026588833297e-01
7.928010636571633185e+00 2.269576151883853754e+00
7.941566442099246892e+00 1.017017101069250806e+01
-6.497350865676424725e+00 -1.111663229329341007e+01
-4.885400574115143613e+00 -1.023848451992861186e+01
7.123833993386370800e+00 8.775763626518640059e-02
-5.973426412730047375e+00 -1.099641427089827062e+01
7.589377554024805406e+00 -1.677890305236754420e-01
7.474635896512322297e+00 -9.045134754257588838e-01
7.784303143601339237e+00 8.430801078890496569e+00
6.657044062274073859e+00 3.333417060745996752e-01
7.914507323478481737e+00 7.635032174450822495e+00
-4.030549367667598304e+00 -1.130609391869615266e+01
-5.195396136404339948e+00 -1.013246603218945374e+01
6.516825009951148218e+00 1.852134564940480788e+00
8.437052945781310598e+00 6.685618648507160033e-01
6.891389729091995875e+00 -1.158566426546550066e+00
-5.777411355416760763e+00 -9.815014757050715133e+00
-4.965453547839691062e+00 -1.108037526398737604e+01
8.619898763223874383e+00 1.016834447617771753e+00
8.052923351611067204e+00 9.918080168277086273e+00
7.554011080149956037e+00 8.738246708010287023e+00
7.648312283821997681e+00 8.115042348953551699e-01
-5.773455067493419968e+00 -9.032891019634270435e+00
-6.947861633031598316e+00 -9.113133696492051072e+00
7.597087707482666374e+00 1.081966984876219584e+01
7.020466682083281285e+00 7.942509706014148740e+00
6.936273868052835745e+00 1.167724788929648128e+01
6.485410372914208743e+00 1.255819333721273523e+00
-5.542649324064055527e+00 -1.068076600492124051e+01
-6.262843534363618403e+00 -1.142700949741485950e+01
-5.526645218277092653e+00 -9.345113774504199000e+00
-4.052736930790075576e+00 -8.296404315565094834e+00
7.415263659275383112e+00 5.483123622383756501e-02
7.206159128524442181e+00 -1.386435413291152718e-01
-3.896186133078597624e+00 -9.235611884574185027e+00
6.183596783088461279e+00 9.289305810076651682e+00
8.812804223736241838e+00 9.508615543394371983e+00
8.717863018729222091e+00 7.603837691379564667e-01
6.425969192022657595e+00 6.344724573566726811e-01
6.782661584238241836e+00 1.422562765495764436e+00
7.898578025474818354e+00 1.418358729636407745e+00
-6.321503069927548957e+00 -1.247743048113217057e+01
7.604072249774843861e+00 1.480342858723426858e+00
-4.378759584787625947e+00 -1.128895688279835596e+01
6.517729694432826903e+00 1.236532594918088090e+00
8.866536329986169918e+00 2.003659966761848765e-01
7.322521255354309311e+00 1.045661816429380941e+01
6.285687222254696671e+00 1.410279644027503831e+00
7.162513556122372727e+00 9.748787143710160308e+00
6.173573651136038620e+00 8.737566209511403059e+00
7.404210123941263433e+00 1.520784252432746619e+00
-5.507234568904125105e+00 -1.064210418706864480e+01
7.274232653223458911e+00 9.184599908877153496e+00
8.444136656945193664e+00 9.115411393858062539e+00
7.008466181250357252e+00 9.899914743130882044e+00
5.278017567739099469e+00 8.934741191624269163e+00
5.396592007664663626e+00 1.995923807526894134e+00
-5.804976485285648025e+00 -9.490484862959217338e+00
9.398988070945422990e+00 -6.388581785169753502e-01
-4.923978365663416845e+00 -1.015646782329071840e+01
-5.163225463292957507e+00 -1.105028339813961580e+01
7.744040211805609530e+00 9.388195950002179657e+00
8.274580190260740764e+00 1.019191090745799855e+01
6.889957514069633859e+00 8.462770228668793138e+00
7.977279177198735027e+00 1.614616265656264371e+00
1.024358094931874064e+01 9.978580105473977557e-01
6.267920665535631208e+00 9.815790958910477482e-01
8.461107851286655546e+00 1.004253409681508735e+01
7.535755642437522717e+00 1.428795240155575019e+00
-6.116767825529415781e+00 -9.227530332923869594e+00
-4.953190950902580880e+00 -1.240942727189827011e+01
7.292627739117514274e+00 9.877746301460836875e+00
-4.839110667508498942e+00 -1.052274979679521572e+01
6.742222457782393263e+00 1.303633248837583691e+00
5.525687339956891542e+00 1.034955505178550261e+01
6.278772368456181141e+00 8.721863816239064704e+00
8.922909092312364621e+00 8.533330107487578919e-01
8.079252720008303967e+00 1.058820105594917749e+01
5.073374915485944214e+00 1.052482973232399388e+01
6.892289054186000463e+00 8.606342930375175726e+00
8.322450913026786523e+00 9.678191958082411617e+00
6.799955886635656199e+00 -4.209768285201325178e-01
-3.901793907978982290e+00 -9.762027907387894388e+00
-4.848705876120719793e+00 -8.955611611127014982e+00
-5.275601430117813351e+00 -7.935770253717304712e+00
-4.965432956774546547e+00 -1.114409100880900638e+01
9.192960492980599696e+00 1.312699222713241687e+00
-5.164327989543505915e+00 -9.226730871284152258e+00
7.806940314008836701e+00 1.950786284492926459e+00
6.658774609335286421e+00 8.863416649548859994e+00
-6.957504235076397592e+00 -9.518425004351094287e+00
8.064823464103803019e+00 6.167288219513659131e-01
8.813583179532328060e+00 1.038255188590659728e+01
-5.530021441272053195e+00 -9.496751599946119171e+00
7.897658143586723689e+00 8.219547640515173725e+00
6.653497749103858716e+00 8.848928403754207750e+00
7.754056898645566243e+00 8.748100050592839239e+00
7.829448164576652047e+00 9.626271582582962338e+00
7.263035467630798436e+00 2.570826449400515079e-01
-6.761777114403574096e+00 -9.084681623883406942e+00
-6.138170631746037387e+00 -1.132060555993414397e+01
7.295865650038299677e+00 1.081732727252939519e+01
6.367226070370239022e+00 7.536965969481507210e-01
-5.367783509205801273e+00 -1.048562442850766097e+01
7.986670498849083089e+00 1.105435441606447133e+00
8.612048169741582271e+00 -3.208906440516174907e-01
7.868495708148076417e+00 3.295091702700579384e-01
7.325121569678618272e+00 1.033290732736683282e+01
-6.014068765856910304e+00 -1.007265244783772928e+01
-4.512561660808674269e+00 -1.161068163561170152e+01
-4.930324117039395659e+00 -8.422557157344041201e+00
-4.599535717179186634e+00 -1.001262614900073444e+01
7.188814226873064150e+00 -1.270030625524500856e-01
8.616485730375121221e+00 1.043674964646605474e+01
6.794747648902403014e+00 1.290474740883860161e-01
-5.895627311884958033e+00 -1.049894392877059168e+01
5.986640644137569467e+00 9.038262562105310316e-01
-4.629690606632994587e+00 -9.644349147561300128e+00
8.652565017703272687e+00 9.607717589357934074e+00
-4.127253097274804716e+00 -9.872241473466365491e+00
5.054084598651397364e+00 1.007900990085135717e+01
-5.777608551463007558e+00 -1.109985423700572227e+01
7.754646629727051099e+00 1.332588199637140480e+00
9.629415575034633079e+00 2.035827294320721181e-01
-4.010052220276724810e+00 -9.824520013057007617e+00
6.172811016981103904e+00 -8.516892266053892602e-01
6.757510386530139357e+00 -4.086990816679310079e-01
-2.852397587680493896e+00 -1.024830240055961461e+01
6.477722854510163941e+00 1.133324066945933684e+00
-3.999783179718308546e+00 -7.895411455681275115e+00
9.188100373412474653e+00 -5.856001565881401305e-01
-6.007117230605132363e+00 -8.613908215737213325e+00
7.221274058387409767e+00 -1.292634914441014971e+00
7.776829053053385898e+00 -5.006202656793425909e-01
7.571704579979210870e+00 1.046617282155110296e+01
-3.890772651093408196e+00 -7.710614242841587362e+00
-3.734280992279028766e+00 -1.044014578343690225e+01
-6.261044269592089151e+00 -8.324071522079544039e+00
-4.491545518140138249e+00 -1.009616625509138998e+01
-6.227447329322451708e+00 -8.886069466045949383e+00
6.963359157034740399e+00 8.987157660738143150e-01
7.740677941593777867e+00 3.529122331852463823e+00
8.736357547811158142e+00 8.122920253989244443e+00
-5.894203142822023622e+00 -1.035118898369169749e+01
6.851575066494165256e+00 -1.675371268007971315e-01
-6.902538184670703458e+00 -9.264791418192922734e+00
6.657126903265955242e+00 7.727562327539484244e+00
-6.949736779874866599e+00 -7.561796239759409843e+00
6.875862855955393371e+00 9.697031112327099578e+00
5.480655547793801929e+00 9.800608569653650903e+00
-5.333602240524650817e+00 -8.730374826403132005e+00
7.400261419397705431e+00 4.937419249923672981e-01
5.897034822614625860e+00 2.102602870232723742e+00
-5.663765939540008176e+00 -1.076588486110351894e+01
7.057915291811877267e+00 1.132998042105949743e+01
7.466231886434677278e+00 1.063891852407614103e+01
6.167672344257178807e+00 2.310935946491135873e+00
8.002368640248064935e+00 1.016917329743670528e+01
-5.015650974854143129e+00 -1.072411676923851864e+01
7.275173090964033307e+00 -2.530812291683356419e-01
-5.401490224088510317e+00 -1.009338500298821373e+01
7.287249955494004894e+00 7.620997995117690493e+00
4.782467275242427540e+00 9.350572599638640625e+00
8.174432520104756961e+00 1.124658437877753769e+00
-4.803074145308973364e+00 -1.066570304309213491e+01
-3.359831632259997924e+00 -9.584546827684134129e+00
-4.989015274645139719e+00 -8.785369079868445397e+00
7.074739393570138368e+00 -8.403230583017109456e-01
-4.999858510028040826e+00 -8.228212316291738659e+00
-5.637845653321321926e+00 -9.761487232512765289e+00
7.144105097783365999e+00 8.952096850919849302e+00
-5.571445616742474627e+00 -9.558556613439289862e+00
9.105618296817640456e+00 8.300958688805510022e+00
7.541073189113596698e+00 8.998105761927238433e+00
8.031274855428076620e+00 8.377475219135744666e+00
7.094764057707059202e+00 8.325454111810152824e+00
8.015583888394765211e+00 1.114297994812400461e+01
7.256534426766240387e+00 8.268346621796540674e-03
9.036123108127888770e+00 9.756326581582789315e-01
6.988026486283867023e+00 6.240518026437579246e-01
6.396921717297249899e+00 9.595336101259695383e+00
-5.518649493901513381e+00 -1.040905206237330560e+01
7.594856728135408019e+00 4.219868049311797931e-01
-3.751061008377621686e+00 -1.021598785076153426e+01
7.738309802816242033e+00 9.562368524071409581e+00
7.446369848134653857e+00 1.143674953557895257e+01
-5.088093691915807071e+00 -8.795512790295278549e+00
-4.872600995709056804e+00 -9.587977254771240965e+00
7.114002297921869555e+00 2.133040141132878098e+00
6.535527486516891749e+00 7.706941410069098275e+00
-5.670215483229519293e+00 -1.035926796529879645e+01
-6.697773966336993290e+00 -1.032332509640869489e+01
9.456209117405448339e+00 1.019130574405365408e+01
8.203245082751433159e+00 1.029187137659723250e+00
7.796506537405466730e+00 1.490080438144632202e+00
5.509591221978693554e+00 1.014965174813767845e+01
6.655891363459293331e+00 8.010925833927222683e+00
7.059156137648721518e+00 1.125374677674082946e+00
7.599264253739575814e+00 2.650955572164728768e-01
7.385360562699451847e+00 7.639197365591305910e-01
6.354469184321326125e+00 1.086403336741317815e+01
1.002616583670896766e+01 9.903861254880807152e+00
7.148329045156170736e+00 8.176260517560383079e+00
-5.468194943631230487e+00 -9.043324253736290785e+00
-2.972678011611864513e+00 -8.602079072718169073e+00
-4.322393026132106186e+00 -9.052794085055284157e+00
9.036123431273498596e+00 9.904656948575995656e+00
6.983623386980701397e+00 4.265301158270046744e-01
1.052905575218782452e+01 7.913194559761166147e+00
7.571351032328171193e+00 8.967153960263557266e+00
8.076807633079704729e+00 1.174579608194535929e+01
6.519828521609212224e+00 3.548642714980665414e-01
-4.723174918767545805e+00 -9.110328890420893444e+00
5.932665768957868124e+00 1.331731054204366327e+00
7.197689588343814115e+00 9.758363401996941633e+00
6.876047381187149199e+00 8.505383561990589314e+00
7.324241658502061547e+00 7.094800923900487222e-01
7.460675926476664443e+00 2.567503027401866200e-01
6.079037250297211870e+00 1.102667373254995864e+00
6.029378979372047809e+00 1.031974056753988478e+01
5.327805881905971930e+00 8.178004479359865186e+00
5.521617746813777927e+00 7.984463724181700250e+00
-4.020878064825565090e+00 -9.283537273238085419e+00
8.061640781913768095e+00 8.437369677651783917e+00
-5.994419360104435768e+00 -9.980940941592534088e+00
-6.496773610126065357e+00 -9.845715438367401262e+00
6.341025780175128190e+00 9.701047845673658188e+00
9.492081403791326366e+00 1.082670873023158009e+01
7.981794001213049938e+00 8.706784174358206396e-01
5.726096480008211032e+00 1.012272295196185468e+01
-4.391900994051461282e+00 -9.736118753198717002e+00
-6.700288565811673536e+00 -1.010029365600137119e+01
7.144610537616682855e+00 1.125463188697846206e+01
7.157023383559478980e+00 1.001903004056457469e+01
8.356889328094450065e+00 9.043980121787932092e+00
8.313412302535020615e+00 9.983845987329585725e+00
-5.524174465551168645e+00 -8.738527275598466204e+00
7.396867220478052118e+00 1.415171164343199006e+00
7.177997986695035415e+00 2.858351810820464856e+00
7.828329360245367852e+00 7.768648828717495292e+00
-5.387475095882778398e+00 -9.249678018289895221e+00
6.159924603264128606e+00 1.477024189798808340e+00
-7.243632168937491400e+00 -9.839329029274042071e+00
6.857695033351971503e+00 1.030105928981948971e+01
8.584661030019045569e+00 1.957400046211760225e+00
-4.705895063993335903e+00 -9.724025090350842504e+00
7.107932975955882249e+00 9.782900228309532764e+00
-6.028815818336439314e+00 -8.827896169016982597e+00
9.898969613822433899e+00 6.808120109798307951e-01
6.637798750769445810e+00 -6.122369668880873750e-01
8.185144740666244090e+00 9.513377728246476650e+00
7.379562483316606247e+00 4.011770735289151846e-01
8.361865982806294895e+00 9.089581130711952284e+00
-5.582235189882545967e+00 -1.033467744524395293e+01
6.544332443779261155e+00 3.601259957538991419e-01
8.766431188688219578e+00 9.303503210741819629e+00
7.654010841627685302e+00 9.608541661735774397e+00
-6.560867359391831855e+00 -1.068897153694348034e+01
7.282131960890123601e+00 6.924932802273364718e-01
8.758949927499841692e+00 8.375096687999965539e+00
-5.616861425408438357e+00 -1.141204889245138965e+01
-6.123253599154744542e+00 -1.002931071063652091e+01
6.872084893182933918e+00 1.263368074638183902e+00
8.227998692025330740e+00 9.813317716417040870e+00
8.822173991950117866e+00 1.076232162052151331e+01
8.380573845184800419e+00 9.997721434731797530e+00
8.004022596166874948e+00 2.518388949926290143e-01
7.439478971372224692e+00 8.842126247391423277e+00
-5.904395667719074758e+00 -7.729471339789537154e+00
6.089080366600310157e+00 -1.984322137445881928e-01
-4.834444365324600312e+00 -1.050212592921754862e+01
7.252454306241607362e+00 1.303707489650247409e+00
7.849855424714227148e+00 9.960505615177705607e+00
7.294339842191692291e+00 9.794864677450362933e+00
-5.015706555408133482e+00 -9.842442112022386169e+00
7.583890642781470959e+00 1.062689067886421812e+00
7.498143734038042574e+00 9.296770193150729611e+00
-6.605666442085426304e+00 -8.971654621869110002e+00
6.917124385956491928e+00 9.038446937418074256e+00
7.407838706600796463e+00 6.936330829821462984e+00
-5.786755041075008599e+00 -9.584086402284903272e+00
6.299508692610023886e+00 1.040543170230575143e+01
-3.579962332612609099e+00 -9.514041357447830194e+00
-3.776805846606392514e+00 -9.986767033715025832e+00
7.761340853441264009e+00 1.001259410068939815e+01
7.809039744865916788e+00 6.564142504549017598e-01
7.529945142901175892e+00 9.348663383929241011e-01
-5.360499070321913528e+00 -9.798900833380729480e+00
-5.531018917248180067e+00 -1.089241341580647493e+01
-5.885776439937591142e+00 -7.667974198870299851e+00
-6.071611944290589591e+00 -1.080726875428307387e+01
6.687006290090525162e+00 1.361239297156671579e+00
-4.654291737801298012e+00 -9.369372667066551585e+00
-6.221673282663219062e+00 -9.699832408309509546e+00
6.177797213223000128e+00 2.287181026826430319e+00
9.471611549712182665e+00 -1.754107381436077473e-01
-3.905099682259754346e+00 -1.125684823044358396e+01
6.124078459613242487e+00 3.635093767566008882e-01
6.258170822197858918e+00 9.795054772524263598e+00
7.942515622950301335e+00 4.123764330881352080e-03
8.749478808621001136e+00 -1.953774681851269124e-01
7.790889402795012408e+00 5.226841926474323774e-01
-6.153252666898882950e+00 -1.049710089587367357e+01
6.553639398094220248e+00 1.870610590023052744e+00
8.065051050600489546e+00 1.138681673800640226e+00
-5.352476530654668885e+00 -7.617966657168507183e+00
-5.818032301516968374e+00 -8.740604937499902860e+00
-6.422307930715922097e+00 -1.087314224374382299e+01
7.488428260348333865e+00 -1.756883835864581078e-01
-5.332053894885413925e+00 -9.346810360459228306e+00
7.906519407516465314e+00 9.280030298352155427e+00
7.666402592133091609e+00 9.688326755926667033e+00
6.845489502593503417e+00 9.753305707799391655e+00
7.462705043706143293e+00 9.596280779224828805e+00
7.199932986021993386e+00 9.223367557913578096e+00
7.298511063744383520e+00 -6.137349989688831720e-01
7.943106473721275762e+00 8.206222084295161423e+00
9.170618011507070122e+00 1.037690695896321103e+01
8.301259460234486909e+00 9.663941225715301897e+00
7.082715723615168990e+00 1.977245694713188229e+00
5.318576190000964488e+00 1.210728262351332241e+00
7.250170244040694101e+00 -1.478177234468741608e-01
8.628704788186400521e+00 1.126355434107178688e+01
6.822998181519248639e+00 2.771401492853641235e-01
9.403530800116985944e+00 8.095920989604394435e+00
7.761268701225294109e+00 2.000565365839359622e+00
8.483854538910604148e+00 9.827470889745747229e+00
-5.743348012732846897e+00 -9.040961459485506779e+00
8.993341532573062125e+00 9.731349104923994631e+00
6.457950988837973583e+00 5.748832485333761344e-01
-4.286215157439134060e+00 -1.011067057215596954e+01
6.876264335089809165e+00 9.226009688933990205e+00
-4.400707605569342817e+00 -1.026316533095601713e+01
8.343617182573469293e+00 8.737977304694933167e+00
7.617174293179171940e+00 2.518357337281835751e-01
6.137534105145197039e+00 8.370529863349565503e+00
6.355114823157310688e+00 7.744268792407595914e-01
5.280549079625711073e+00 -6.446112444341736136e-01
-4.925528910727784648e+00 -1.174031136006074227e+01
6.737252243095483983e+00 1.025875604319694823e+01
6.790188016958110140e+00 1.567668495627675185e+00
-4.556844079854167617e+00 -1.043391242161762023e+01
8.562581979091484996e+00 8.121830104432646635e+00
-3.901868068362775333e+00 -1.029816163898040671e+01
-4.946428797364474939e+00 -9.047983989963283236e+00
-4.981715228312711297e+00 -9.858146360045662249e+00
-5.805860836424080240e+00 -9.381421343911396704e+00
-4.120200282456121244e+00 -9.767323139781746377e+00
-3.979840168430116343e+00 -9.389145619776897433e+00
-4.367223594420828192e+00 -9.692845271895750514e+00
-5.225280427461582278e+00 -9.401169161124506957e+00
8.288270951099073969e+00 1.071730803486445716e+01
7.092761520366410721e+00 1.227174212900808925e+01
-4.027710196917984931e+00 -1.080536797413148875e+01
7.550180054479119995e+00 1.024765744382708732e+01
-6.394480756657019427e+00 -9.145289263157421189e+00
-4.684152424161132977e+00 -8.645252908071798359e+00
6.230076835547712300e+00 9.808258981036608759e+00
-4.404980495840584709e+00 -7.607359541610765774e+00
-5.142248659681055045e+00 -1.078632965677171107e+01
7.766961582505597761e+00 5.027362083843645024e-01
-5.036285645214118922e+00 -1.067914559086756832e+01
6.903056009210934540e+00 -1.182079271664557840e-01
-7.048534557899817088e+00 -8.638009783483715509e+00
8.995584124432019379e+00 9.042043878629463904e+00
-4.004301265504365048e+00 -1.015740502375789411e+01
7.299314661417142247e+00 1.072624928045373682e-02
6.798585296429634717e+00 1.014111827342123284e+01
-4.665015236621275818e+00 -9.677873921257704737e+00
8.735763540509481118e+00 9.270305257510614183e+00
-5.653043198522230028e+00 -1.016187757337335817e+01
-4.967814706685492965e+00 -9.159009360691483081e+00
6.641133028677329797e+00 1.570771140292816392e+00
-5.043643806942498919e+00 -1.040654993790464822e+01
-3.665370796693113498e+00 -1.144343185795944962e+01
7.472546260136330609e+00 -1.346951087704093553e-01
5.974639733412724141e+00 1.087350622949953305e+01
7.499852369522471029e+00 9.552742844448742332e+00
-4.611716582217380456e+00 -9.847429772636690615e+00
8.825534225939062338e+00 1.014738108843041609e+00
7.645628401112976036e+00 8.236672534312923233e+00
6.324774764629154333e+00 9.312177414966331668e+00
6.944341445163575877e+00 -1.311319265864561601e+00
5.307010223184612130e+00 8.674386261373358664e+00
5.660203194301357321e+00 9.181150529572565944e+00
-5.676669713097596492e+00 -1.176458329205855868e+01
6.505189211803362070e+00 9.020536540985279572e+00
-4.143051902025731259e+00 -1.023065366311814373e+01
6.811700495846251258e+00 1.088404130288341598e+01
9.100888584366245482e+00 9.148074112068751873e+00
6.612812282293428545e+00 -2.857109296820155020e-01
7.067536820142860776e+00 1.238078049444157336e-01
-3.966608969872789991e+00 -1.193967121620785399e+01
-3.157731228038153315e+00 -9.153560369990813683e+00
-3.614353583375831569e+00 -1.083597443154456919e+01
-6.302699284859968998e+00 -9.516398002063178652e+00
7.340117952554909841e+00 9.953611255053983697e+00
9.587855132457947960e+00 1.171044243548237773e+00
6.975041623759566711e+00 8.745498569526503729e+00
-5.182187382867793346e+00 -8.457588998281481807e+00
8.090742154489607429e+00 9.563037002977349488e+00
-4.316823008875068091e+00 -8.342906195336626141e+00
-4.167697290450924186e+00 -1.065214179835451525e+01
-6.081972440609164643e+00 -9.584494877942180580e+00
5.757792310034541394e+00 9.567245473724300453e+00
-4.799714068869338490e+00 -9.077970001264256794e+00
-5.955969389263669811e+00 -1.105211811201429128e+01
6.673038568940392601e+00 1.733254624159111579e+00
7.102378221953161486e+00 1.160504644408170360e+00
5.862039416395147029e+00 1.605294190921163988e+00
7.022149527353769294e+00 6.002763118726752722e-01
-3.872550716261729420e+00 -1.043438101574146692e+01
-4.433028392268373530e+00 -9.629918503514192096e+00
8.127114259505827221e+00 1.087734115143990543e+00
-7.274755800953267126e+00 -9.861294066725365681e+00
-6.331967062118178724e+00 -9.055985790229412302e+00
6.502814386405728619e+00 1.325507069938082205e+00
7.679972151315388018e+00 1.008109486288856793e+01
6.937048193011871255e+00 -1.035641672539104885e+00
6.191581444107280952e+00 6.273532745048268078e-01
8.039351076254426687e+00 7.927554187753168335e+00
8.830532419222731022e+00 8.755641346603582065e+00
-5.541033740654623507e+00 -1.012834098252280235e+01
7.033413067384656436e+00 -1.118673681709411616e+00
7.778342900215156064e+00 2.547710948719197788e+00
7.364529479779803545e+00 7.123775263693206128e-01
6.480930151495456037e+00 -3.411843592616023990e-01
6.557696256800745971e+00 2.352970388386110834e-02
8.577928698801636997e+00 -5.816038762043993504e-01
-4.260804933918311832e+00 -9.895371605515624225e+00
-3.770837095722670007e+00 -8.532279981991756301e+00
6.721627960667795776e+00 1.397913877517065195e+00
-3.702478774086251256e+00 -9.917209682277865923e+00
7.688323333379925906e+00 -3.724630605619542179e-01
7.553033522622913942e+00 1.185706105151742662e+01
-5.388914053230159595e+00 -1.046156433252188656e+01
5.970156127172570493e+00 1.160137962526894828e+00
8.577081495499410124e+00 1.328738455144984343e-02
-6.333780700593731439e+00 -8.890326074041407622e+00
5.926606976059813903e+00 -1.011565119328562412e-01
8.206521361408627868e+00 -1.879058774784295727e-01
5.814825144587096872e+00 1.058252039270680811e+01
-6.213021374465274249e+00 -1.139414719867636094e+01
8.008997515954227708e+00 8.858210631335801111e+00
7.781380435937886197e+00 2.386399679354940240e+00
-5.477951888267001301e+00 -1.102679152009747554e+01
7.316132875354964149e+00 6.384493330482275963e-01
7.861940632557882225e+00 8.796508559021324558e+00
7.333917136962133654e+00 1.034616128212505037e+00
-4.359200546070272075e+00 -9.078518772760981292e+00
6.976465833949504258e+00 9.593371595141903185e+00
8.231847572690446313e+00 1.084769318623238377e+01
5.633586671538532542e+00 1.305036173418859358e+00
8.317930019011502196e+00 8.129727053740221976e+00
7.270558055209255244e+00 8.633104122418522763e+00
-5.275571451474491802e+00 -9.269518544689162809e+00
6.345261255285185698e+00 8.706777786834534183e+00
7.370441177335069760e+00 1.012743700331351704e+01
6.470337776876817770e+00 9.602759856899890423e+00
7.907786576974748627e+00 -5.509457056315869572e-01
7.020378882832864598e+00 9.256440634675762169e+00
7.082827983662250304e+00 9.719213310489212887e+00
7.546713121734820007e+00 -1.104590826412562343e+00
5.628039515911943624e+00 9.775854429467903728e+00
-5.350481504915415520e+00 -1.037543936288577662e+01
7.373285717648817794e+00 -2.349258806556542289e-01
7.637847646993670914e+00 7.314403000715709036e-01
5.554517951113769669e+00 9.870899985265504384e+00
9.124956238350813820e+00 9.389740783381062883e+00
-4.788284224959338253e+00 -1.265824827672347475e+01
6.093822816447005408e+00 9.380444472881549700e+00
7.463039187323793122e+00 4.884271794740449035e-01
7.295987364913694151e+00 1.556671633789228348e+00
1.001367527325689011e+01 1.052089453376676431e+01
-5.417838416779493294e+00 -1.002986182803855364e+01
7.490183855113203393e+00 3.210646026882870152e-01
-4.339489719475413843e+00 -1.094550621571751492e+01
-5.680372481190433476e+00 -1.055131830203472454e+01
7.639447064094307294e+00 9.992765901544087725e+00
7.663201183855385956e+00 -2.382812665078254399e-01
-6.052136698480913957e+00 -9.460482127946599817e+00
6.458167173971032682e+00 2.483597907489281109e-01
-5.700586153633918407e+00 -8.463059025695104154e+00
-6.149291050376046286e+00 -9.976100621511909239e+00
5.172096481634160803e+00 1.178064755976017963e+01
-7.502235498212071363e+00 -9.688078491503009815e+00
7.327400012854258016e+00 1.134359125015894421e+01
6.437531237102051662e+00 1.127852226561296511e+01
-5.519785931901140863e+00 -1.038871742343954807e+01
-7.342354602951353115e+00 -8.369635918817087017e+00
8.471430463524210808e+00 1.759733380184626439e+00
-4.081704836932361857e+00 -8.952408739780828739e+00
7.605835700796961696e+00 -1.114464361047320162e+00
5.609576741081202300e+00 1.427705964218894952e-01
-5.485928793136110926e+00 -8.116851122990233591e+00
7.826673430368865425e+00 3.191058590189761457e-01
8.053330784827920752e+00 1.085408107373535458e+01
7.332552500561107856e+00 1.008095836079593788e+01
-6.228268193552395360e+00 -1.089446866309040374e+01
7.535525728157193903e+00 9.719572463802887974e-01
-6.862043060418389295e+00 -9.990606532760544667e+00
-4.595723841980412061e+00 -9.512611721780459106e+00
-5.333284525945641619e+00 -1.010459887455909112e+01
6.165275279627692839e+00 9.523134378442096093e+00
-5.448890458158400563e+00 -1.212900891279915072e+01
9.393491344962658474e+00 1.746036128460672909e-01
6.843714977222563611e+00 1.037441032743642744e+00
-4.306666154147706926e+00 -8.864913714597019379e+00
7.327421541269232286e+00 9.836794804405046833e+00
5.906903848361997333e+00 2.514460235337645067e+00
8.828379820932482858e+00 1.621919712255997847e+00
-5.810102446060017023e+00 -7.706155460661189949e+00
8.759721171599494483e+00 9.129311482313438475e+00
-5.125584849866909209e+00 -8.374726096178193302e+00
8.335949496394617242e+00 8.224382627605994145e+00
6.476460175223615501e+00 9.025509353757348308e-01
-4.806857040616010046e+00 -1.065574628131917123e+01
-5.205838430587853338e+00 -8.416771420955905469e+00
7.079786441337631686e+00 7.814277469415647381e+00
6.461068367066655327e+00 8.420254759811591327e+00
-4.166775165567054628e+00 -8.422034048819984520e+00
7.754890300526120051e+00 -1.025971776233359778e+00
8.809962126179026853e+00 1.190217009984136176e+01
7.312942959419802769e+00 9.921663312724964712e+00
6.956842099278299330e+00 -6.492197437196958187e-01
-6.288192038204819312e+00 -9.226247290051455607e+00
-7.295473371074951530e+00 -9.777865383850237180e+00
-5.960753507457543954e+00 -8.704856176899793851e+00
7.154961102172762821e+00 -7.919350274093452935e-01
7.120107196966858787e+00 4.129414125684251480e-01
7.596350953128828465e+00 8.019795496615920172e+00
7.402927027731532661e+00 9.162177021686483513e+00
7.513925831502501929e+00 1.021349042817772990e+01
7.539258148304197604e+00 6.436717972386053477e-01
7.302680041115694465e+00 1.059578934932790695e+01
7.224253058236913105e+00 1.855077505421552364e-01
7.860197701703690143e+00 9.217441748468786500e+00
-5.490867040732685389e+00 -1.071384378987631081e+01
8.004056305852087050e+00 1.053695374279235608e+01
-6.368786553001799966e+00 -1.071496845158759115e+01
-3.983413479361000320e+00 -8.385630983002490879e+00
6.100713556114664371e+00 9.290077038478154137e+00
-4.597495147807438620e+00 -1.080053372106042531e+01
5.850659579895683748e+00 5.390315890221393236e-01
8.553081865382369031e+00 4.673670146810642301e-01
8.348625461403489822e+00 7.865798610679246572e-01
-6.117929379147852842e+00 -9.397125104119895767e+00
6.453712652516022885e+00 -6.378916566445433922e-01
-3.910443903774479590e+00 -1.083908452583433224e+01
8.637169090785643988e+00 9.694663173571385073e+00
-5.755931855142354614e+00 -9.073881145684060456e+00
8.404649891187069954e+00 9.344695631145997439e+00
7.715851097793715141e+00 -3.494253997807539314e-02
6.372830325191911172e+00 6.830045055936470044e-01
-4.986324130968271540e+00 -8.476808638227293358e+00
-5.247824773032349732e+00 -1.063212829963752881e+01
6.931317013426153473e+00 7.894247337172106249e+00
-5.072003025383438057e+00 -9.358351063510362167e+00
-7.254513196418231225e+00 -1.057584388857119251e+01
-5.797878894475083200e+00 -1.139467371371061155e+01
7.084129280420367714e+00 8.926111160214677653e+00
6.482589065814063467e+00 8.882641158721291674e+00
-6.125257724016927696e+00 -7.784590511514304367e+00
1.014522760160746984e+01 7.845363599554895373e-01
-4.862663398790933122e+00 -8.733772078152622242e+00
6.426264453775614172e+00 2.469657362648887577e+00
-4.611685792542098206e+00 -1.045546958685124039e+01
-7.034355739215824244e+00 -1.102406813268842001e+01
7.069297627517594051e+00 9.526023290860464954e+00
-4.961985204228337665e+00 -1.001109017831475789e+01
7.331433931302496987e+00 1.024341590499906829e+01
7.090229485467765436e+00 8.579197984922302567e+00
-6.238979091365709273e+00 -1.113376992875955374e+01
7.493413098987038445e+00 1.100892355735452099e+01
7.334904528778526611e+00 9.639423947973851270e+00
-5.531048333317930776e+00 -1.096288583022932173e+01
6.624326433443788353e+00 1.360936421493873727e+00
-5.611552390743618446e+00 -1.073489484933525340e+01
8.383719686002486071e+00 1.116850780079393779e+01
6.339747542115221179e+00 7.042886355840547452e-01
6.949924651368948325e+00 8.257300038657886532e-01
6.493335870694420642e+00 8.848036464943357160e+00
6.112719045969621234e+00 1.846418821230882523e+00
-6.161604494035979762e+00 -1.093958807824846424e+01
7.021173798406268318e+00 3.549631498090699555e-01
-6.150842980317803743e+00 -9.421857616404881952e+00
-4.541039457830152948e+00 -8.360323361151936084e+00
8.805752628181718222e+00 8.409936708629853541e+00
8.904329574738856223e+00 9.135768439801607244e+00
-5.277754571567925268e+00 -8.727364545920199390e+00
-6.617340777081746062e+00 -9.145690502085447093e+00
-4.798225066556852880e+00 -9.046543441688200460e+00
8.399764620521537495e+00 9.256825363424118436e+00
7.754309955875381632e+00 8.998614251465049563e+00
9.420773371173627453e+00 9.170289979744124409e+00
6.959417285873580106e+00 8.592999938064437515e+00
-6.007093864676621209e+00 -1.193033468375413086e+01
7.774227736453338977e+00 1.769126459572440080e+00
7.723602612506468290e+00 8.686384495116586280e+00
7.844021303071110118e+00 1.029060402608872415e+01
7.657501458673575456e+00 1.054387065800513312e+01
6.961078088638990025e+00 8.601280167246869723e+00
6.346396583683110215e+00 9.112323329191585941e+00
-5.506717887869092998e+00 -1.103656177488657875e+01
9.299728171993649539e+00 1.057497214579686506e+01
-2.656811321991055408e+00 -1.204241121958361838e+01
-4.530663346979658890e+00 -1.106998030925282706e+01
6.765258792640793217e+00 5.560471154915314074e-02
6.500793909332159615e+00 6.673444727956853173e-01
-6.458527301556004296e+00 -1.028411739261015789e+01
-5.412022749317397796e+00 -9.237468697173346399e+00
7.352660355194061026e+00 2.228809834675579360e+00
-5.033851168480721228e+00 -1.012649106649399577e+01
-4.650842313360540103e+00 -9.536424684731413137e+00
-4.406208632778492174e+00 -9.095040035172813120e+00
7.309061079583160314e+00 9.183308122666693052e+00
7.732447992431400685e+00 8.864139526982580009e+00
7.128514324547483128e+00 -5.098508927101175203e-03
-5.577961345565132234e+00 -1.014147840060818062e+01
8.062160637969414623e+00 8.713843739370238595e+00
8.495852055219726751e+00 8.272542178161459425e-01
6.376569537757381667e+00 2.173988356827172730e+00
-5.319390496218105113e+00 -1.036453146445551177e+01
7.234011252111878676e+00 1.061749956569164599e-01
-6.378030017100936533e+00 -7.924282932198782881e+00
6.120522790631113708e+00 9.640647666149824602e+00
-5.015677308976211002e+00 -8.256810194823710702e+00
6.095929045968828675e+00 6.519289170186311821e+00
8.263415695184725962e+00 1.034723435281958004e+01
-6.278333510196453915e+00 -1.117500947648416698e+01
6.701210408156818232e+00 9.901730772544148351e+00
-5.785706198588468574e+00 -9.187364490972965925e+00
6.981911578050738143e+00 -8.632201827036429798e-01
-4.753176278627740281e+00 -1.157292613301035900e+01
8.147293920998826877e+00 1.293713827131302230e+00
8.557122043956866264e+00 9.644839433450439259e+00
7.345902287461173685e+00 7.697375691392089436e+00
-5.269840121063616323e+00 -9.665815796374275237e+00
7.972963931799809778e+00 9.303107578156311064e+00
9.563336481569347569e+00 9.515923021006951643e+00
9.174138383389788487e+00 -1.055358265205362578e+00
-4.028064211427366814e+00 -1.029918185170749467e+01
-4.944625237964091369e+00 -8.555301449053967389e+00
-6.002011674523984652e+00 -1.096447604392595565e+01
-4.930814487001110358e+00 -1.073401035695155059e+01
7.050450591882653661e+00 8.738814016000979734e+00
8.962494792030820889e+00 8.155053615528927713e-01
7.965133074604828778e+00 -4.165732036989264753e-01
6.049707388952869636e+00 1.103893484394397717e+00
-5.709134362586613776e+00 -1.006144644117454590e+01
6.673455281278217299e+00 1.184049923877406041e+00
-3.733605041139543612e+00 -9.310662768246915633e+00
-5.384298854243657395e+00 -1.024107555362040323e+01
8.911112187519728778e+00 9.149332645486815352e+00
-5.458496761042055390e+00 -8.812315443297551454e+00
7.514634036401251826e+00 1.014107588258795545e+01
8.657225658531819690e+00 1.056735235451259136e+01
7.297254734288372902e+00 9.993720247685706326e+00
9.724774933659015019e+00 1.345076819082899000e+00
7.495019678590580270e+00 1.335975923490026140e+00
-3.113030909564229010e+00 -1.017346525303809912e+01
9.616043048897079615e+00 3.435610638997995681e-01
7.321916122838196372e+00 9.610742414524645838e+00
8.529917941237391332e+00 1.101738261088887683e+01
-6.514696877374035466e+00 -8.764652681683054780e+00
7.307783189339022378e+00 1.012489142695954802e+00
7.743712760144038754e+00 -2.045012661787091179e+00
-6.489223306163744986e+00 -8.039382640994368501e+00
8.818548507853842366e+00 8.458093040933473361e+00
5.822597951012562945e+00 8.887272306453349202e+00
5.978600437635126497e+00 1.018881346320003489e+00
-5.701327992394022104e+00 -1.177646863332691218e+01
6.603466195319238174e+00 7.384882276543258683e+00
6.613467772780632359e+00 9.882973091235291996e-01
7.102170122638734817e+00 7.533531449359359478e+00
-5.339592014449254798e+00 -9.580717740532293192e+00
6.846036207317981237e+00 2.720677172671976396e-01
6.023672851939418038e+00 9.945848986240045875e+00
6.119491726971817869e+00 1.955096627463438042e+00
-6.918895739740795747e+00 -9.601509283984729137e+00
-5.677990465602718473e+00 -9.871077732954912420e+00
-4.376411095624753500e+00 -1.179237939929561385e+01
8.456234011896452074e+00 9.741804387031741896e+00
8.725786964984321159e+00 1.034691678315044072e+01
7.601492626794556173e+00 -4.278593779295081223e-02
-6.274883691014861320e+00 -9.970511962893910507e+00
-4.676061850391839414e+00 -1.017534204681342125e+01
8.570374568555511274e+00 1.084367640295396562e+01
6.534239698666864271e+00 9.455323410435086728e+00
7.532285112019892814e+00 9.877502922620656989e+00
-5.432777374487223199e+00 -1.053024256479172394e+01
-4.935162697529858811e+00 -8.892353408179019425e+00
7.680644647362245614e+00 -1.202253388038229565e+00
7.220098356219611269e+00 8.114186757769410008e+00
7.334371470051423536e+00 5.756597137249552798e-02
-7.508463857247686946e+00 -9.951800504750686116e+00
-5.458505554124641002e+00 -1.081441280237340585e+01
9.127752609234272896e+00 5.001449341348682687e-01
7.150133207724267415e+00 9.528939354911379667e+00
6.807832843564635361e+00 8.882422273559087422e-02
-6.048644991211281408e+00 -8.586050252908414393e+00
8.324331023816128550e+00 9.133082479570454382e+00
8.894646056687815161e+00 1.029806397015524766e+01
8.371574394275558717e+00 1.461121059737231942e+00
-6.317414667999854849e+00 -9.059940068254043410e+00
7.443800312351039672e+00 1.490855524851043556e+00
6.584020797700918415e+00 9.003256641725718268e+00
-5.412468078155610485e+00 -7.535161956014015061e+00
8.166823012904647072e+00 7.128652614178878633e-01
-6.390351677954061671e+00 -1.012530674213193471e+01
6.643763370656030176e+00 8.928323014157046877e-01
-5.964688830369292205e+00 -1.124534516832301279e+01
7.946235377103866071e+00 8.023722640237679116e+00
5.055547683825082572e+00 1.044791641750459732e+01
7.988133325193200740e+00 9.780335621588912787e+00
7.891672008298327157e+00 9.359525811644351379e+00
7.497120516202824270e+00 4.756095054884867945e-02
-3.561036158204565982e+00 -9.540943385936916599e+00
-6.782030964579504939e+00 -8.496161015287414742e+00
6.890788892476583882e+00 1.061298901682553009e+01
7.097004330556441865e+00 1.014491791984453251e+01
-3.762660501181793293e+00 -9.232599547643255633e+00
8.943024149738253215e+00 8.407216892101939010e+00
8.204091050240245764e+00 8.701913614345015091e+00
8.484343232056028583e+00 1.278499330412097734e+00
5.284357735533577127e+00 1.016972385386113942e+01
8.948627070088114976e+00 9.244565692317494587e-01
9.199313087124082244e+00 -8.004865707674457820e-02
7.584237253535643042e+00 1.070124387872006722e+01
6.596820638410610727e+00 8.020069388218038497e+00
8.393407240045167583e+00 7.186788876780771940e-01
7.348930123606269404e+00 1.021797330319758856e+01
-5.362957279204534800e+00 -9.738189882485183801e+00
-4.657307254779065708e+00 -9.702588064649493305e+00
7.743375938338275866e+00 8.583588230137083386e+00
5.499532131887836073e+00 9.043844937885712199e+00
-4.953867757604245803e+00 -9.505236666342039342e+00
7.890645942118651668e+00 1.146433679147903462e+01
7.799257027245162455e+00 2.471271577650838158e-01
-5.183074780455377173e+00 -9.184139361345328822e+00
-5.391863794960970679e+00 -1.006089244520949677e+01
6.897038411334673214e+00 7.980810088892436482e+00
7.675374241326186286e+00 9.588135983615501345e+00
6.799474844862693601e+00 9.166517780222985579e+00
6.308949077853126752e+00 1.348015657348312413e+00
-5.756374787007718652e+00 -9.430653059349486611e+00
-5.742493894038090296e+00 -9.126972679026977175e+00
6.556864827036305243e+00 1.121640718038184659e+00
7.205078207738282003e+00 9.187011903211899977e+00
6.967768048485153187e+00 1.013415453494714669e+01
-5.679656407530383255e+00 -9.973638179691842964e+00
-5.582081964168934540e+00 -9.973993135646221475e+00
6.346814725561926274e+00 1.033075642308212672e+01
-4.757642239048558430e+00 -9.917949432494173934e+00
-5.085754800673508491e+00 -9.654618475504648245e+00
7.970490011706938382e+00 9.541129473650141080e+00
-4.314443680864304298e+00 -8.328957099304211908e+00
6.649260583520490542e+00 -6.210898680997587462e-01
-7.754657409393525214e+00 -1.031211778858537365e+01
7.965683567900813777e+00 9.637102991251472517e+00
7.846279260187309923e+00 9.886906562724041336e+00
8.643724091316727254e+00 9.547364635574511205e-01
8.560337849429144441e+00 8.147357867063114156e+00
-6.405394401340180011e+00 -9.457984069630647639e+00
-5.450495959914299249e+00 -9.449539391271086330e+00
-6.215979121608794955e+00 -9.851260476832933932e+00
7.404672246622390652e+00 1.041871252929741143e+00
6.725046622109627670e+00 1.033067921563524116e+00
-5.196298678016862738e+00 -8.981002576717589392e+00
7.350809615260657459e+00 9.837640230913772044e+00
6.877701458008547597e+00 9.157862102690190298e+00
7.418978542594905079e+00 8.589611474572054206e+00
-6.595095012806116763e+00 -9.108621883339695913e+00
-4.011066236811779540e+00 -9.444512070151819927e+00
8.017460403945577241e+00 9.397055842292033390e+00
6.707272560011260154e+00 1.079793008316772784e+01
7.618604762917893680e+00 2.266711653741715793e+00
-4.095041933866698791e+00 -9.091207071714586974e+00
8.153571801731620994e+00 5.582459327207505151e-01
-5.546456727886031501e+00 -1.048677419415189327e+01
6.967678665264897653e+00 8.962252297311142257e+00
6.505858465308765659e+00 1.977661148847160932e+00
6.629342337739840829e+00 9.653572936342374788e+00
7.022891829888776805e+00 8.213705257348355104e+00
-6.161753432336281477e+00 -9.318810368465342719e+00
5.918844875123006943e+00 2.222715125695486349e-01
-5.633446528168394529e+00 -8.015166538611897096e+00
-6.981159420936301707e+00 -8.907409206170097349e+00
-4.076768237083315150e+00 -9.777897770290328694e+00
5.936331819872672888e+00 -3.049527074243685298e-01
6.558192058720582196e+00 8.847932387351088224e+00
5.848518297628989338e+00 3.736939178285370033e-02
-4.961700342109836015e+00 -8.181516821714838628e+00
8.005995102153136145e+00 9.533883893885832350e+00
8.130275825869674122e+00 9.894843874460521604e+00
-5.959323185143776236e+00 -8.242238138545101123e+00
8.936724595449964781e+00 1.009600581415884157e+01
-5.084575646878069399e+00 -9.882638983275578326e+00
-4.754899141230879422e+00 -9.439094413407415729e+00
7.242110009194772324e+00 7.485068713755572922e+00
7.544678415159784990e+00 2.361623804977764252e+00
5.389978581956688330e+00 9.048110161978888399e+00
7.137601325463256430e+00 9.843454635777737494e+00
6.380929966163367162e+00 9.195355308501353520e+00
-4.421515692669122366e+00 -8.567877627125330520e+00
-6.455012545631904075e+00 -1.001284745888724181e+01
6.918209162572948046e+00 8.709618730192531189e+00
7.704762651425062003e+00 8.757450287064980188e+00
7.717888014773022221e+00 1.061035381805472966e-01
7.727890016993138822e+00 4.445551950517328543e-01
6.711353234439589421e+00 -1.229679085882259937e+00
7.084988605896156422e+00 -8.624893438395264678e-02
6.193999631661248451e+00 8.197869541549898997e+00
-5.736992393915081756e+00 -9.117261093170478503e+00
7.311699245156086491e+00 -1.048607000131449141e+00
8.093596287495556041e+00 -9.646886249279544856e-01
7.524112680110248697e+00 7.759860003424057240e+00
-6.003248228610275739e+00 -9.406918955473562605e+00
-4.703635814179853547e+00 -1.088303092780959602e+01
-5.861519563092500995e+00 -9.000406728696216163e+00
-6.407179453716199014e+00 -8.735122388257774872e+00
7.940733558157454297e+00 8.022576012600788342e-01
6.182987526810138412e+00 1.692512258446408069e+00
7.870920430387193356e+00 1.359880892688420051e+00
-5.742212689133729064e+00 -7.850802285415027448e+00
7.668771362971273042e+00 -4.656776320697646465e-01
7.271551017618370416e+00 8.874994995952437682e-01
8.104677691135746542e+00 -2.613327520497302769e-01
7.558501385521487315e+00 9.748163371310631931e+00
8.148873277202195453e+00 -1.847691178149506452e-01
7.924096066069107991e+00 8.644638392047173880e+00
-5.015243092451937557e+00 -1.020848195946123127e+01
-6.718965707883148397e+00 -8.684935986640535788e+00
6.045841086426202438e+00 -8.756859768943618949e-01
-3.850760206699458621e+00 -9.773855190088159617e+00
7.555731197775716446e+00 8.758944702134092708e+00
-7.176197015552334690e+00 -8.886873045369624080e+00
-4.829673948769502623e+00 -7.897705348119636426e+00
7.020105068284552274e+00 1.049638253493578510e+01
8.480213253673868579e+00 -2.098866821113973380e+00
-2.652088270095191547e+00 -8.977366671794079878e+00
-5.471600310071782935e+00 -1.014404000165673381e+01
8.489377711849957819e+00 -4.292695698012376493e-01
9.192427130009740210e+00 8.684329014447417450e+00
-6.284682879590443250e+00 -9.976514985847741102e+00
-4.912405479387782492e+00 -8.203437740464725181e+00
7.692699956039018794e+00 7.661829492068683578e-01
9.311659486288544230e+00 2.322363092883277247e+00
7.364905096003294460e+00 8.998596572905837476e+00
-6.138960850413740289e+00 -1.101065522787131101e+01
7.436768426632630380e+00 2.204487398684053190e+00
8.256349034327643110e+00 9.731405416411043063e-04
-5.939770512171451244e+00 -1.009541127329753429e+01
7.136341605163051938e+00 4.540602973920800922e-01
7.193336928182955781e+00 1.048449687952103559e+01
-5.423995701487378973e+00 -8.710141362228732476e+00
7.428813522758255239e+00 9.647872083231220586e+00
7.546140673511917640e+00 -4.282244132095023303e-01
8.210425135539576758e+00 7.852069624077895327e+00
7.612279073844272048e+00 9.446362697754297599e+00
7.141903175607295040e+00 3.630418938399083473e+00
7.589561079435551250e+00 5.531619864879607773e-01
5.427955365181848180e+00 2.044930558699009082e-01
8.719129639699465528e+00 1.009225846047418251e+01
-4.344676064515161862e+00 -9.067523868039859991e+00
7.933947476518042663e+00 2.608371373864893705e+00
9.923912258237285400e+00 2.003725851762071297e+00
-3.865754930049714932e+00 -1.102330839388148220e+01
7.325143008735740757e+00 9.825415659478275998e+00
8.011419197557925642e+00 9.201929937771945234e+00
9.815085570318894170e+00 7.289989849446280701e+00
7.846588318918604088e+00 1.276309682636259213e+00
7.173669183144247619e+00 8.649250868639855039e-01
7.052308382018941835e+00 7.992579915670667834e-01
5.934351758055390391e+00 9.476117339351992186e+00
6.796196946332146993e+00 9.017446801583220761e+00
-5.092913266515006754e+00 -9.486213494510986166e+00
7.650103465076293574e+00 3.783259540734584814e-01
6.487391973060021577e+00 8.838653105588971215e+00
7.702150535791369990e+00 1.844344318275558559e+00
-4.693377967003971918e+00 -1.050200123775050898e+01
8.839114864702084517e+00 9.599352429443204215e+00
8.255819510385814297e+00 6.199873472935455432e+00
5.558640724936957156e+00 -2.833923938347348015e-01
-4.064788652917458833e+00 -1.136890780941621948e+01
8.500494610696330611e+00 9.121478552184868249e+00
-6.094039571015930079e+00 -1.029924985707108931e+01
-4.077160099095232582e+00 -1.018817374976871903e+01
-5.043105301250815131e+00 -9.405180893927713726e+00
8.764664971977365937e+00 1.928726502196932868e+00
6.666179777530832240e+00 1.062116776247430749e+01
7.415465953879693650e+00 9.724758371838797544e+00
7.643292902882375728e+00 -2.741193624893499825e-01
-2.065010089979181895e+00 -9.372874992395734850e+00
-4.647123099652112010e+00 -1.000808887529981916e+01
7.050920595935548540e+00 -1.050078640153671028e-01
8.330848994763673687e+00 8.726836202256164299e+00
-6.035027004136144235e+00 -9.105910807558490916e+00
8.331403422751810339e+00 -3.280932129403123509e-01
9.156683092959971404e+00 9.594598875233936397e+00
-5.784795062384747055e+00 -1.000144268391119518e+01
8.259500267284735742e+00 9.078816493803865129e+00
7.314983405977431019e+00 1.435723599279565832e+00
8.295171549483619344e+00 1.692557162032573226e+00
8.453634716789016679e+00 1.655083232674179117e+00
-4.624146295889912217e+00 -1.036111818503026072e+01
8.245761857287572383e+00 8.386416743711173183e+00
6.517451921798373959e+00 9.700957343271369382e+00
7.603869793685983147e+00 1.934557272348948365e+00
-5.882340985994432891e+00 -8.878466779715823876e+00
9.083646343672906909e+00 8.577780175259032802e+00
7.734932283832263167e+00 9.481943576346381519e+00
7.964815921930528120e+00 8.039146587578905212e+00
-5.202712044084398357e+00 -1.048541288694659102e+01
8.282987310628389110e+00 1.096013152392335321e+00
8.536915754645239218e+00 -2.722074455910280522e-01
7.577357311203284596e+00 9.798151916066977218e-02
9.063055276371832392e+00 1.632457536935625564e+00
-5.113907720498550802e+00 -1.020843383531652115e+01
7.406887203227121574e+00 1.371880318359576245e+00
7.165127520575466313e+00 1.038499924284199460e+00
-4.377416143623412026e+00 -8.235112291105679105e+00
6.131165679325317974e+00 9.501550492085023336e+00
-5.413733757463541352e+00 -9.089166494752575431e+00
8.110486744053968522e+00 9.220509578323660138e-01
8.209892199464038143e+00 1.042529420194003542e+01
8.476340268833629565e+00 1.066146865960917189e+01
-4.396705870928621529e+00 -1.052518275250425184e+01
7.100425312666597932e+00 2.969966452192684958e-01
-5.601702517098994250e+00 -1.200177588625872538e+01
6.484657241286528873e+00 8.829499465517903545e+00
-5.391507552149904292e+00 -7.530461193360073580e+00
-6.255529434627063345e+00 -9.603624003165867506e+00
8.475971420220252739e+00 -3.099117264149032769e-01
-4.160146130157230893e+00 -9.128857047486800269e+00
7.991589547342403677e+00 2.063566292344959918e-01
7.511014118538501982e+00 1.342335278509735996e+00
-3.187685552333023420e+00 -9.978846349292744833e+00
8.161114639195305998e+00 9.476725938603200561e+00
-3.558718352435596977e+00 -1.208497834283384087e+01
-6.789973354438670228e+00 -1.101942469065193109e+01
-4.632709087895228173e+00 -1.113171223983104596e+01
6.746665745959189664e+00 3.648238976761217223e-01
-6.633939921766415004e+00 -9.719535832597046010e+00
7.440504691753236699e+00 -6.626910917044335214e-01
7.768436237413441248e+00 1.031696892835970658e+01
8.983443720208930117e+00 8.371971602944327628e+00
-5.693553714445579672e+00 -1.163632002891134576e+01
6.204317428275393453e+00 8.968977479239292450e+00
9.115122784263318678e+00 -8.572985924652332113e-01
-4.410929005888367449e+00 -9.655237913396321758e+00
7.542139601835853746e+00 9.146221820782434619e+00
1.003697816913051355e+01 -1.441887241664964181e-01
7.405819691089472911e+00 9.538803650189077388e+00
-5.085452512069740472e+00 -9.070373737135531300e+00
5.674807114224773130e+00 8.366011374525088584e+00
6.393715101813596924e+00 1.079915226833781494e+00
7.541789593853226670e+00 2.891818783046642971e-01
-4.778838695211179655e+00 -8.865807645611134546e+00
5.942055856146271964e+00 1.050768332770914526e+01
8.607395041845688155e+00 7.444364124148332706e-01
7.468375023048952066e+00 -3.703952135208760099e-01
5.381664954815740920e+00 -8.150232299326822805e-01
8.459708694685815544e+00 1.081917117932811578e+01
6.028262888054213064e+00 9.362946020753518894e+00
-6.461112296549260670e+00 -9.286982246138506980e+00
-4.498478981635463114e+00 -1.226996830645169290e+01
7.585959833574397848e+00 9.378869431797179246e+00
8.531839707095270953e+00 5.197473142024310322e-01
7.220951917318899405e+00 8.065444140013148910e+00
5.878774848673369746e+00 -2.532644613490877550e-01
8.564814232346611433e+00 9.444920688789935070e+00
8.281756649461625486e+00 9.023810556975217168e+00
6.883545777975706770e+00 9.133488310111872011e+00
8.603578570646213564e+00 1.884259240043541173e+00
8.887156944307461615e+00 9.691329742685574899e+00
7.601887081666245827e+00 1.006902343415350032e+01
6.582628535058893782e+00 -6.656700753434197093e-01
8.532490135838472156e+00 2.013988309215831940e+00
7.815725819070164171e+00 1.058049713126774627e+01
8.262899733095792953e+00 2.415746349566137319e+00
1.027954290583354258e+01 9.825505656417927725e+00
-5.708849178546445913e+00 -9.822599467142829610e+00
-6.492893513445634035e+00 -8.736856642224061886e+00
8.504386831346506526e+00 6.307449388680027580e-01
7.375233571125065168e+00 2.664682716668369533e+00
7.732811641663545288e+00 1.049095777917818140e+01
9.393895802346985846e+00 1.121715688948513900e+01
6.703206867640241207e+00 -1.831380576761821866e-01
-6.016727234330181417e+00 -1.056204223048788293e+01
7.105385517272454265e+00 9.289557662316692443e+00
-4.405522055774837575e+00 -1.081494272716658145e+01
7.032756284294589655e+00 1.084003272880637025e+00
-4.550742593926937474e+00 -1.018265522444714222e+01
7.184325324961351455e+00 9.319219920986189010e+00
7.614899101287086580e+00 -8.369598287977022544e-01
7.437052160991027172e+00 1.139232259760058064e+01
6.161095838916303968e+00 -1.361963224091340408e-01
-5.954763904940329589e+00 -1.052592968222403513e+01
7.138143577025411801e+00 -6.986469537298445331e-01
7.564759624459322929e+00 1.124762867669928745e+01
6.855831974929690986e+00 1.385287728622470738e+00
5.689991631888974055e+00 7.716469934971959432e+00
7.613424184691631957e+00 8.785468179808045619e+00
-5.475500214051593595e+00 -9.695415045622183925e+00
-4.771670495588861804e+00 -1.170182323579444628e+01
-3.975122738989987692e+00 -9.699459191460785945e+00
7.116220492366454486e+00 7.040896173632892330e-01
-3.948344286329202646e+00 -9.644605078422577193e+00
-6.429249488395306855e+00 -1.059714594145265565e+01
7.583475197800112255e+00 9.168472110691750387e+00
5.923319757314905232e+00 -8.112548300622335340e-01
6.617698584095479397e+00 1.992616743360574594e-01
5.829173407315055400e+00 4.135645235252461971e-01
6.285160908503309329e+00 1.128717686695411793e+01
8.508479458070768331e+00 7.799739609030333476e+00
-5.886181112860910503e+00 -9.552276272397930867e+00
-3.889428801128172797e+00 -8.544980445800792523e+00
8.018217443167319658e+00 1.075139763048849506e+00
-5.133998706184097038e+00 -1.023577479587877193e+01
-5.592569175844300133e+00 -1.004652409353621501e+01
4.333668288215690723e+00 1.051034675671252749e+01
7.695706559418399095e+00 -7.047611360081940113e-02
-6.836597710972109887e+00 -1.181610654928899429e+01
8.034405058811604050e+00 8.380292975909036102e+00
7.407019647671198470e+00 2.311949053601335957e-01
9.196424224416244186e+00 1.157536954097477455e+01
-6.219078410350165953e+00 -8.501906698691747977e+00
6.015169073810601397e+00 5.299685879748379236e-01
-5.330910430764820518e+00 -1.031089746045436684e+01
6.418958968681232058e+00 1.145135012043915168e+01
5.807127613789198506e+00 9.959685509405103332e+00
-6.274865432089434591e+00 -1.027077689615950717e+01
7.389896996279828656e+00 2.816915127839585420e-01
-5.075951014799885641e+00 -1.038604734119773809e+01
7.135790570146837375e+00 7.589231203655430136e+00
7.730045874920726590e+00 6.862641780220531729e+00
7.837261600062347178e+00 1.326480053401730697e+00
6.958024591808848136e+00 9.199246113082748977e+00
6.544669350757756021e+00 8.690372423652121370e+00
-7.073454479659595506e+00 -1.045507042949625465e+01
-5.219211433457538796e+00 -1.114354088451655045e+01
9.560996730186301917e+00 1.066290815657432134e+01
-4.496193537783112149e+00 -8.973778444694620049e+00
9.444365823119303727e+00 1.517759341122148831e+00
6.446287110754633787e+00 8.737287102277955242e+00
9.152218643711421464e+00 9.444449922356874083e+00
-5.756934273471127739e+00 -1.077453886562240903e+01
6.156585122845602775e+00 7.442678934855008199e-01
7.842251883312536087e+00 -8.872165849186151032e-01
-5.203176498273969663e+00 -8.905341470566625617e+00
-4.713290704995939606e+00 -8.780731448858603017e+00
5.904061230249563863e+00 8.653084884552122436e-01
6.861970412145849352e+00 2.102887931443864211e-02
7.146066008396695146e+00 9.682947204892025095e-01
6.808377269916067398e+00 1.032244030821262371e+01
6.273289542799441065e+00 1.480535259140464133e-01
6.187466399519963467e+00 8.724642419715280539e+00
5.529725573305497299e+00 2.731417137673181617e-01
-6.577963682122349276e+00 -8.939473649971622748e+00
7.361307822322313399e+00 3.216567785862143314e+00
7.401333186992032687e+00 9.393628139218002104e+00
6.793192176884651268e+00 9.036795244693243134e+00
8.405192255722418793e+00 -4.143234789690208864e-01
-5.879394502682355750e+00 -1.106049907327863835e+01
-5.310222720412501651e+00 -9.694128323247092283e+00
6.197312841903489300e+00 9.435575991076152746e+00
-5.656075790123294311e+00 -9.218868298524919069e+00
9.211253513169044282e+00 1.340045231174005425e+00
-4.783277436237067803e+00 -9.995197476001239423e+00
-6.686730218181376806e+00 -1.024932710627909493e+01
7.123291197527847451e+00 3.252803476210373024e+00
8.688075236460900186e+00 2.007475070008658768e+00
-5.511409826140415191e+00 -9.997978964019804238e+00
7.852795700413333080e+00 1.276638754248410113e+00
8.024041126803123092e+00 2.467372155804953060e+00
6.268359271500684393e+00 9.347651742446531742e+00
7.403149150013054403e+00 1.042342437034916180e+01
6.892608939434612836e+00 -7.216918217523295986e-01
6.477056440293794459e+00 1.976655745533881348e+00
-4.356531403847370143e+00 -8.272474149722288672e+00
9.674867531950777533e+00 9.338118978343377563e+00
-5.287124847356007074e+00 -1.075034173387066083e+01
6.449173533543274495e+00 8.991193930336448759e+00
8.671799560040982513e+00 1.041538834714835815e+01
-6.127009966600410529e+00 -9.345777170355701102e+00
8.706882644379049907e+00 1.068949521170099359e+01
9.515117336124291114e+00 9.440964752495290213e+00
7.307495430563767158e+00 3.611692401872683145e-01
-3.782317656935888284e+00 -9.605508653849225809e+00
-6.319316717328208100e+00 -8.916202450901172583e+00
8.080346047745621263e+00 1.002847377227517001e+01
7.073470584128912719e+00 1.102596733051320221e+00
-5.420392091463960504e+00 -1.061262252583697219e+01
-5.872515033210928159e+00 -1.005616048618394132e+01
5.928316239483140571e+00 8.051082817611483478e-01
6.119032227250539080e+00 1.214128861197224518e+00
8.815718401780952007e+00 1.118868017404333726e+00
6.860478839149692476e+00 2.857266424831176876e-01
-6.900842366104543935e+00 -1.065405607838128432e+01
-5.890527266839661102e+00 -9.921732793339163692e+00
7.098830488265103433e+00 1.076079785424992608e+00
7.803583960272096220e+00 2.381288321666164443e+00
7.608822596078065992e+00 -4.601746643711113194e-02
7.366256631201981264e+00 2.622673120506677225e-01
6.664437481400462993e+00 2.591332305567870087e+00
7.613987942931802699e+00 -6.460697624197466737e-01
7.759294005231102354e+00 1.912479439226449029e+00
7.646556688933681123e+00 7.445991005060460521e-01
8.761443863579307489e+00 8.827184070465088794e+00
-7.923457036322750113e+00 -9.497386049699636956e+00
7.069227987102618016e+00 -5.531949659712687151e-01
6.414289675869854435e+00 -9.950721123712014116e-01
8.764907668651522599e+00 1.443565342759366987e-01
8.181339343396238917e+00 1.224395835953989486e+00
-5.591013858755546906e+00 -8.569072632284035151e+00
-3.883301469604793610e+00 -1.099859086535462716e+01
7.542578188845107334e+00 7.024030193656356502e+00
8.437819170433488836e+00 8.956956569433746296e+00
6.246792280243900208e+00 8.480445057237547601e+00
6.922931235639833147e+00 1.894971338577112530e+00
7.985719659693921280e+00 -5.389334844728750351e-01
6.975589675645482046e+00 3.690706236130648077e-01
7.602527201781200006e+00 8.989623865197584607e+00
9.022555254764229815e+00 1.006777900784622481e+01
7.188368239662901615e+00 1.335946824276762701e+00
-7.394408761638059602e+00 -1.036382130511841737e+01
7.345593753860225839e+00 2.424301709787911041e-01
5.701682619647186812e+00 2.544984544425044071e-01
-5.382500377466550745e+00 -9.710263353250351059e+00
7.959323157220851819e+00 1.026579813407502684e+01
-6.520559884981825149e+00 -9.045689587258927133e+00
-5.407528152954325762e+00 -9.586307470731014746e+00
-5.057504726674562079e+00 -1.008727933402691868e+01
-5.295801877386358214e+00 -9.065394200488437804e+00
7.390037242829447628e+00 9.066300851090549617e-01
8.552771832454620693e+00 2.522084988387922611e-01
-6.732605990897504000e+00 -1.032477598795490081e+01
7.469969216991874106e+00 8.449353229479671157e+00
7.592402557668295415e+00 3.221745846805428304e+00
7.559372095860235952e+00 4.091558942256859344e-01
-6.050944667944764710e+00 -1.054761054791022801e+01
-5.767603924207526767e+00 -1.021740248764335135e+01
7.074771719217894272e+00 1.303251708022344468e+00
-4.560250826086970299e+00 -9.679783677418479115e+00
-4.166932537988885521e+00 -9.649532504649608100e+00
-5.273060653063138759e+00 -1.165017445673756136e+01
7.502475511670674280e+00 5.633642401272835887e-01
6.674182312727436894e+00 -7.688652056873150897e-01
-6.134453793481497108e+00 -9.138795976529506149e+00
-5.436785980591518630e+00 -9.027444182086512114e+00
9.631151928380447202e+00 7.371764411701920983e-01
-5.982609566365878706e+00 -9.196180790509570713e+00
7.791566025212328661e+00 -6.421779324969090208e-01
-5.255008348115789651e+00 -1.137171992128460474e+01
-4.760527250001439725e+00 -9.228160805340166917e+00
6.787808317216626364e+00 -5.582976448857202012e-01
8.611882246740147906e+00 3.513048976340109597e+00
6.190061075919627953e+00 1.003696567755172531e+01
-4.935047205342377730e+00 -9.296191304219883378e+00
3.909128391335498165e+00 8.100093973917982026e+00
-6.738979378306961365e+00 -1.113942186009419011e+01
-4.500386033705193078e+00 -1.095997536806174111e+01
-4.716531735389645874e+00 -9.428535786889739256e+00
-5.218802893625343664e+00 -9.801141298963994331e+00
7.405659325970528784e+00 8.829244796431712672e+00
-3.722597992829920877e+00 -9.894775412145053295e+00
-3.730701563501467533e+00 -1.120541155640149711e+01
6.695671370986129745e+00 -8.760370114136439845e-01
8.005580659499404561e+00 1.881168319659508148e+00
6.853442254592385652e+00 -1.489039414978575726e-01
6.120558829528703448e+00 9.689628654530688667e-01
7.891916092433064911e+00 1.437283689880328952e+00
6.936188113417866674e+00 1.032169218430742141e+01
6.540016928790596040e+00 8.469355963366489437e-01
8.292819895098064720e+00 1.902956888832823434e+00
7.771020644279078127e+00 -3.812010521791667772e-01
-5.569166175553270648e+00 -1.125828619779874984e+01
7.409347119036797658e+00 1.552512989673606958e+00
7.515899092800293779e+00 7.756087759397814807e+00
-4.799337453534344711e+00 -1.359028022354324783e+01
6.815867562288985937e+00 9.962567807635901218e+00
8.328136165016697845e+00 9.140024260933055089e+00
-5.889004004901797096e+00 -8.684008148709208896e+00
-3.960096524366547577e+00 -9.815513117279564881e+00
-7.638896674077057192e+00 -8.726739231769842675e+00
6.135798757336527132e+00 1.144027608106579219e+00
8.355842605460001238e+00 1.773361802454455294e+00
6.983759982366951391e+00 6.711541795951917466e-01
5.316819139005786177e+00 7.519663102133353760e-01
7.612029295911392879e+00 9.028169223872804849e+00
-5.238752981179521484e+00 -8.797376627255589554e+00
8.349375653011342990e+00 2.133305842030619903e+00
-6.867910648570184406e+00 -8.668103869667252326e+00
-4.667367071572650516e+00 -8.887506301385386109e+00
6.704580861616029175e+00 9.005529110681225191e-01
8.203161594901359877e+00 1.201375618096082576e+01
8.823202369345484186e+00 2.554997909394127298e+00
5.879157315966036634e+00 9.743647323925900494e+00
6.174010938137198146e+00 8.417496377191858059e+00
7.571393538545088120e+00 3.972591210045560151e-01
7.298034144983657434e+00 1.026424512476030060e+01
7.096757876843190260e+00 1.410952370360407659e+00
7.534244117673571495e+00 1.120529203122880624e+00
9.954059769916430156e+00 9.517722896670381516e+00
7.803611283475180294e+00 9.745612644361905552e+00
6.583419646262029801e+00 8.426786794386613266e+00
7.883571427924204400e+00 1.093969514599467097e+01
7.269244513022398380e+00 4.535915231823126059e-01
8.663614343070081603e+00 1.004217569952459499e+01
5.648875673981875067e+00 -1.095647088319937623e-01
-4.562972287944918826e+00 -1.076707056333142987e+01
6.417630449332846432e+00 -3.013415462092654540e-01
-6.436185743684627703e+00 -9.828883428358881957e+00
5.715572309390416272e+00 9.750438195205752834e+00
7.811244360826872679e+00 1.079251539470282317e+01
-5.954220807870637344e+00 -1.008300986289096102e+01
-4.491808053782855303e+00 -9.251026210689563101e+00
8.446535833036474372e+00 8.177097198824901270e+00
-4.518291362863689820e+00 -1.078944486410051162e+01
7.254072948287805467e+00 9.325164929602016706e-01
7.396345937007457572e+00 8.901965589004742441e+00
-5.401468937452679420e+00 -9.526436634820552030e+00
8.635642393396343763e+00 8.674557272246310902e+00
8.190280193608158399e+00 9.192136202669216161e+00
8.234514318768718866e+00 8.972643593236668824e-01
7.515766674183290696e+00 -1.081519036424586577e+00
7.460747976932023739e+00 9.765378503932247156e+00
7.630271164581404975e+00 8.697979329345089994e+00
8.210991013233034153e+00 -1.072669428745456566e+00
5.881799599157463199e+00 1.664057913743399175e-01
-5.108546848287991438e+00 -1.045563946077020212e+01
6.690748553812718491e+00 1.195169837204013241e+01
5.915682995094313057e+00 1.076368844307107775e+00
6.841633956497787494e+00 1.769410439883211783e+00
6.000561743408174387e+00 -8.898954782869028524e-02
8.226003102380264664e+00 9.640270273496813758e+00
8.782185340272448570e+00 7.696247365244817118e+00
5.914146506360506095e+00 8.244433571816877304e+00
-6.662126137992128605e+00 -9.608685824363298877e+00
8.328377242210898146e+00 1.025265363011811459e+01
6.934385647425344246e+00 8.125404288793280472e+00
-6.151198979057961758e+00 -1.080641988321752578e+01
-5.040767895199836701e+00 -1.076345623042505828e+01
-6.309402308844818563e+00 -9.933445491327784538e+00
6.604967067535008951e+00 1.230701879279964883e+00
7.980476345605077348e+00 1.552361547779423034e+00
8.482698736410622331e+00 1.159341452494226488e+01
6.771515869254774778e+00 2.827680701059740009e+00
6.698194619395197336e+00 1.050100293686817921e+01
8.403215467290721108e+00 4.125862868074218204e-01
5.598788697234290623e+00 7.591700220274870681e+00
8.861611328442670299e+00 9.888677068828879868e+00
-6.099271101232931258e+00 -1.013688068458438174e+01
8.677279162956418546e+00 8.463473359269983121e+00
8.306249577889158076e+00 2.083231105526578197e+00
-4.749306048029750649e+00 -9.713703748834257468e+00
8.868524044609026546e+00 -9.468405950153846451e-01
-5.621852009012547668e+00 -8.862731096080121773e+00
-7.161339707853785264e+00 -1.078194151050279892e+01
7.420049129148296174e+00 1.169702764642867443e+01
7.322709016252640701e+00 2.139287857505041135e+00
7.932172759829759556e+00 5.843841862590388736e-01
5.845617546941645593e+00 8.408799245280285106e+00
-4.546978139827677623e+00 -9.559988404017696340e+00
7.736740968528504681e+00 1.082855387510088363e+01
-4.617010942128588979e+00 -9.648559833197563051e+00
-3.486401748795521449e+00 -9.257669217594683531e+00
