5.994566326641217469e-01 2.469413306990740908e-01
5.173266954077025970e-01 5.725530256075637148e-01
5.522918496118504050e-01 4.056792420759438578e-01
1.464204818216741089e-01 8.680562260521444973e-01
1.123280522066820719e-01 1.394681577746562651e-01
1.492481681846290487e-01 3.941050545565549790e-02
8.577318496670826020e-01 8.917083909955305643e-01
1.225636122465657563e-01 4.615687522059145342e-01
3.931846275838641880e-01 1.261538858005615271e-01
8.643926610106069663e-01 8.640674683261426736e-01
7.408183637218843653e-01 1.665658025644378704e-01
2.636296425790957132e-01 1.923042241168063660e-01
8.324685562384028792e-01 4.676185997823317786e-01
1.504462335819692909e-01 1.009517476506471834e-02
2.785106121229211640e-01 9.741305594883062913e-01
3.169086549665511843e-02 9.114515269999424740e-01
5.794042006270461176e-02 6.717702480745642024e-01
3.496969300021772753e-01 4.554984278002555120e-01
2.211388017772498715e-01 3.385258596714466606e-01
3.081061367512054616e-01 7.089002745751649126e-01
8.712535814827824243e-01 4.093165833287484290e-01
8.162211022858263387e-01 1.154924063920481636e-02
7.876976732523860436e-01 5.259538089599919974e-01
8.337289048813600889e-01 2.240406281771404329e-01
3.767428952569721323e-01 6.977085804379420386e-01
8.484203920653359265e-01 4.783165741256130143e-01
8.463600388835598176e-01 5.483193378701831655e-01
9.913710260601708013e-01 9.047111736671552551e-01
3.856279074171766741e-01 9.554826323197089799e-01
7.653418145982512355e-01 5.255027198639238284e-01
9.910432025957881530e-01 6.949833287203002197e-01
1.946068924899920782e-01 1.140367588660610165e-01
2.621157642412604849e-01 7.355022334615973767e-01
5.504468199553753660e-01 3.971513335388154875e-01
7.584295207130770100e-01 2.378742747038675720e-02
8.135750799512289078e-01 7.482679812896987359e-01
1.802027073162900672e-01 3.890231445324827675e-01
3.760018156481259588e-02 1.178773918072428817e-02
9.962678716348444263e-01 4.881966580554368829e-01
3.720247639719199695e-01 1.961720945639783276e-01
8.071922450885462563e-01 7.057527195301479539e-01
1.556197929632130439e-03 7.712266730402362880e-01
1.114827451507098832e-01 9.486326801840331280e-01
3.327360839555056904e-01 4.511027753265111073e-01
4.980905673753421858e-03 8.243926884444717773e-01
3.081682542302371930e-01 5.564468761694469912e-01
9.266007970596743526e-01 1.562223832155635872e-01
8.673296129309215896e-01 5.002389308425547743e-01
9.244561740566206165e-01 8.223550501864258511e-01
4.429800306590888637e-01 8.871177071474400933e-02
3.019745488202563166e-02 8.742308098340757505e-01
4.742849174583687599e-01 6.636949079277515429e-01
8.816484142088524267e-01 3.046589914846971059e-01
8.957630183913475319e-01 2.753243942768834884e-02
2.799256787341325436e-01 8.117663950996237832e-01
8.532203183236466426e-01 9.448353953575863162e-01
3.030112724639034694e-01 7.802355856161364844e-01
9.851303026488350545e-01 5.270060151117548219e-01
2.525962896380214984e-01 3.896231539718164605e-02
7.596530627838090632e-01 1.388453844384669456e-01
3.869426064309627877e-01 3.092778816532538722e-01
4.168506729536518574e-01 9.059989949325629732e-01
4.259477612218619536e-01 9.127443126236228776e-01
8.054008597007135117e-01 2.883783320685042728e-01
3.180890190513322446e-01 3.698442246014255197e-01
6.056471916201020544e-01 6.740625171413107131e-01
9.722298357062035823e-01 9.265160634970615039e-01
6.118717214256994552e-01 4.623877949911092688e-02
5.453076203927010868e-01 4.036402212727759897e-01
5.447787254319155226e-01 4.017637325991696429e-02
9.957622074271772483e-01 5.695837041960083447e-02
2.726799343332930725e-01 7.212402893799751968e-02
5.476111060042706535e-01 3.518182965541563068e-01
3.752998428527162256e-01 7.891675208579388423e-01
9.040201155693187163e-01 1.656969831158642270e-01
2.789769400599569904e-01 4.727286201965847923e-01
1.128816701419882440e-01 3.865380820516026716e-01
3.020880456148844484e-01 9.219763370334326247e-01
1.985341204354977851e-01 7.212113980733806384e-01
2.158932087534554123e-01 6.256583787620587644e-01
5.819907281404806954e-01 4.587242927095082079e-01
8.169073021819278635e-01 2.227171943781900421e-01
4.772802240249065520e-01 9.824176014231914555e-01
1.832617892882340005e-01 5.454324548403713946e-01
2.931057833084714792e-01 1.238060595010843645e-01
8.515929808925420952e-01 5.776788415716316294e-01
5.788292635102960659e-01 5.453347372646765168e-01
1.844681068201751151e-01 5.686331655861750489e-01
9.138901443541513903e-02 6.826418704197970699e-01
5.145716805952549322e-02 1.891511169716894036e-01
2.942177970941648457e-01 2.789312176598790494e-01
8.121022889603224382e-01 2.877506446017490394e-01
7.395790212188069201e-02 6.798269358489328340e-02
1.494135193849384091e-01 3.941919004624235834e-01
1.968142337360355709e-01 2.350223594874977229e-01
1.839756554953267953e-01 2.987353972145204706e-01
5.048587286231039917e-01 9.713470716842645958e-01
7.919904418762827580e-01 1.725207034601543565e-01
8.028506904108322351e-01 7.100930298974862387e-01
9.057984098984114274e-01 4.347067335244226838e-01
8.670986825639548368e-01 6.980902525277355997e-01
2.730925761129432416e-01 3.897761484897792617e-01
8.384785896604683986e-01 8.077122798086223687e-01
2.455059727184039087e-01 8.362738906161135688e-01
9.457570719536152470e-01 8.777694586274829014e-01
3.812880277129903073e-01 5.411617955795399171e-01
8.459606423014995880e-01 7.164004275445697845e-01
7.091049401281582787e-01 2.852514611042449300e-01
6.108018899406755242e-01 5.446111574894696439e-02
2.971473995618095776e-01 2.027888661906478429e-01
3.870145742968443825e-01 7.382295862478771564e-01
2.605411277729835495e-01 1.789150913109752716e-01
8.420356753224080837e-01 9.150979639464028592e-01
4.462165963294726367e-01 2.444977718558427604e-01
2.523659018024208001e-01 4.161798877403148911e-01
8.024429375694436262e-01 5.614816808370013401e-01
5.773359468594567723e-01 9.781573156377867395e-01
7.767519686195611950e-02 4.750133933108883211e-01
4.794022951155809675e-01 5.539739757687740518e-01
1.679402373628613443e-01 1.689221483990183126e-01
4.154485609508135058e-01 6.062172562914766027e-01
3.028025250340948826e-01 4.975192041164320234e-01
9.867572743319001916e-01 3.043101738982700866e-02
4.658672858255014093e-01 4.739046973425854459e-01
6.918063887205456730e-01 2.664001152874163614e-01
7.999340674693095066e-01 4.009934200264857473e-01
9.516239261882608602e-02 6.300604990619584900e-01
2.639314439950968261e-02 7.168021936284159068e-01
1.214029776055791654e-02 5.966702023597915128e-01
8.708919794868602571e-01 6.984084272619435207e-01
6.243437547390190412e-01 4.317911252873432026e-01
3.361955169067575300e-01 3.702955209441792794e-01
3.750264199817449073e-01 5.298836294296025429e-01
1.433300810670204983e-01 8.818819351339124424e-01
6.258755443056146506e-01 3.744362278290974677e-01
9.822121641145254989e-01 8.725275366252804865e-01
6.068161895353213486e-01 3.717488184535387985e-01
3.690938559988422574e-01 6.670672635107166570e-02
3.425209707870845444e-01 2.456842284332131365e-01
6.085511222654155228e-01 7.201634855615034470e-01
2.924248105717098811e-01 5.461474994188220133e-01
7.870796431637084867e-01 6.419038102711344118e-01
7.436613125071872554e-01 2.180796877226510722e-01
6.350498930200720871e-01 2.737843130912503975e-01
2.307505882824290033e-01 2.709372791536827085e-01
3.665255115246665030e-01 4.709404165379548202e-01
2.292614425692263147e-01 3.499634952917752839e-01
8.964967151136283841e-01 1.346269075212657151e-01
2.157240599913756718e-01 6.069269294271095738e-02
7.088811297512584986e-01 5.294107137711552280e-01
4.743203406965049718e-01 3.441517574497121590e-02
9.613426655139372112e-01 8.440773646698968014e-01
8.203741081176619820e-01 8.752174755374764192e-01
7.770251609284329897e-01 1.394375673718089015e-01
9.714924309786865386e-01 9.337184729401594163e-01
6.960771113789729903e-01 2.920106765280759964e-01
1.111108390612902674e-03 4.858617694137380427e-01
5.948034725372360887e-01 9.939813231625526102e-01
1.329150370497167444e-01 8.882009749279240474e-02
4.263184380032397636e-01 7.509562222672619969e-01
3.400703295083458144e-01 6.623602526909737609e-01
8.894383866008976902e-01 7.931619911033502834e-01
1.015958585240256395e-01 4.460753271430036859e-01
3.799265442387489422e-02 1.686383244364401124e-01
7.707110265178099828e-01 1.740931318369827174e-01
5.588140493097895067e-01 6.149784861967431127e-01
1.566363369948965412e-01 9.148221625517493072e-01
5.850184743719177849e-02 9.192345914607332746e-01
1.137993871607023699e-01 9.008699833421087710e-01
3.678909269503933821e-01 7.898407898029338181e-01
3.942376352480047030e-01 7.331564830509036401e-01
8.523907553918942392e-01 5.254388785762142966e-01
4.021395670501975994e-01 3.946326401373311255e-01
5.659176286659250987e-02 1.481571707718976061e-02
7.435701342636417133e-01 4.153994834023528870e-01
1.510927684321379250e-01 8.715369970883695139e-01
6.377717255629627990e-01 4.745044483562735893e-01
3.569849932539097548e-01 3.447463263769534603e-01
3.714202807717051913e-01 8.865543358626194470e-01
3.786041274104315901e-01 1.931643104783342668e-02
1.449336916558673360e-01 3.462082359563040113e-01
1.663522007531433866e-01 8.229814616061602583e-01
9.987316107537687060e-01 3.341630208629480236e-01
4.851863481415575885e-01 4.761816718142208860e-02
1.944641139013546516e-01 2.290605055437747728e-01
3.874829141486217932e-01 8.264166097250599252e-01
3.992102720217570733e-01 7.414286095348002759e-01
5.285898866187809242e-01 6.636492047133421002e-01
1.972237756676168408e-01 3.881180846421594666e-02
2.466704612419851061e-01 1.012326647594332663e-01
7.026681875838542979e-01 5.692255212116643648e-01
7.936884473973375709e-01 4.025963935142410355e-01
2.604921654025248445e-01 8.610408554849603435e-01
5.655305248484382430e-01 4.728987971694043058e-01
8.913437490583553391e-01 3.478125633763644586e-01
4.089022011390309741e-01 2.574445783783976260e-01
1.327075194852194162e-01 5.708960783950509654e-01
9.213421320354721056e-01 6.488023089252270559e-01
6.638604235179917934e-01 8.584238601306762861e-01
7.001210491473235376e-01 3.759404302777547002e-01
8.033251084614393411e-01 1.239973711636265241e-01
8.714689383438455339e-01 5.091418628457534679e-01
5.458214515879418194e-01 9.226756024085013275e-01
6.826798893103073196e-01 7.816848478173499259e-02
2.529060315492748234e-01 7.107665047920359580e-01
9.312104647435737181e-02 2.612967609256103829e-01
2.636870878557664444e-01 7.077085653371193441e-01
5.162329006208055127e-02 3.449811417921042622e-01
4.263729268238587444e-01 7.329279676019051504e-02
4.584015382722929077e-01 5.314077259378617857e-01
9.708185530551562969e-01 8.735181808358992717e-01
9.305531886761768678e-01 2.707299683121150435e-01
1.501672398208476755e-01 6.384923640107964538e-01
2.015248837680553295e-01 5.864820862685968805e-01
1.957248346841939934e-01 6.514402647970640725e-02
4.489241981297175110e-01 6.364498046618695115e-01
9.413466575242068757e-02 5.497180447766543132e-01
4.368348856319455020e-01 2.552418925457267118e-01
1.718778831115571615e-01 2.343259496715562884e-01
8.966115447755378387e-01 3.187045020840728604e-02
1.474845072228295750e-01 5.181698700014029102e-01
6.826409160862034753e-01 4.103196865268321503e-01
2.403578331284652592e-01 2.743474299835562125e-01
6.493986134449269976e-01 7.129018174647476780e-01
9.702856425844043065e-01 7.035078095014568600e-01
4.219154655882688676e-01 2.455395155925599315e-01
5.346387665061735905e-01 7.265661912639075348e-01
1.165920211948635599e-01 5.980919503330806020e-02
2.241582449562667945e-01 4.192473201956427031e-01
6.671744174011098316e-01 9.143627034455703573e-03
5.385562690880091319e-01 2.908746747999996218e-01
3.350155041767920450e-01 4.332299458612288712e-01
4.600247908963355226e-01 4.017805475775136914e-01
8.739308334893680641e-02 1.591437100952982631e-01
4.933593696988014532e-01 3.865567828620822821e-01
9.967016778714635761e-01 7.696195037869054678e-01
5.828512680911930310e-01 5.478350581469255687e-01
4.999599141082000653e-02 6.767315329538037272e-01
5.654301750406749427e-01 5.159001567451884096e-01
7.664446803074490555e-01 7.829903978765995198e-01
2.166906524717331362e-01 1.846492162518494906e-01
6.596665366437541866e-01 3.308023492505909324e-01
4.547791531454383751e-01 4.437732669875160685e-02
4.229389412275808002e-01 9.418489703467510799e-01
6.876685961492899901e-01 8.194054977033031761e-01
6.275247142943806145e-01 5.851084103040221640e-01
9.708549546264069185e-01 4.897138782957685121e-01
7.903019630036599574e-01 2.314109611248901244e-01
1.019611346101612082e-01 1.813269920851555694e-01
3.423041168720716287e-01 4.606828555330688690e-01
8.893870374642448562e-01 5.926255312536329312e-01
6.426100927581468447e-01 3.849490468014002964e-01
6.696199386221490801e-01 4.041159457723320081e-01
6.080691150842866266e-01 5.358100047782505815e-01
3.079065420546183152e-01 8.360247939173282017e-02
1.226039210992508899e-01 5.749056458422663329e-01
7.311142801705650118e-02 4.530555685593069537e-01
8.990609375419740257e-01 5.826390739708502409e-01
9.766629593385907082e-01 2.878808228654422541e-01
6.499134334785112710e-01 9.347548955954068095e-01
3.494042526552828543e-01 5.335805475481475435e-01
8.471784711358567588e-01 3.313346849582120557e-01
8.953537205015904554e-03 9.902255184441189906e-01
4.061225765903931917e-01 1.094749972592404808e-01
7.360274673920655930e-01 3.250594958087054120e-01
1.684567309235137644e-01 1.184905163967353570e-01
6.975736148832332173e-01 9.932622147438093796e-01
3.919146822192434154e-01 7.637386082494453943e-01
6.542403200038101607e-01 4.209615093650168616e-01
4.893394060473543750e-02 4.094289543725393443e-01
2.926568395294415481e-02 9.522416439578135217e-01
4.093882080492288189e-01 5.792401873290005110e-01
9.407348800664573352e-01 5.760246148450955950e-01
1.723289278636760402e-01 9.516135788667494655e-01
1.879398703894029632e-01 1.281461435195959675e-01
3.624514377540127841e-01 4.348508360255859406e-01
9.773725061071819598e-01 5.540549132439740454e-01
8.058406015457298954e-01 7.689837310213484267e-01
4.022262474078787120e-01 7.464923662461886433e-02
1.197312298877218906e-01 9.927172710592174765e-01
8.599452631081675458e-01 3.457182603146848887e-01
8.327802834338569049e-01 8.998673858758532429e-01
9.233950947632275641e-01 8.752059922239731060e-01
1.862199000884192657e-01 7.934650463166776913e-01
5.563515756909409582e-02 8.065270462168770971e-01
5.769086981644179213e-01 7.349362550586454601e-01
5.497055616691202129e-01 5.975189930243379743e-01
3.702137397206162195e-02 3.145577950307287818e-02
8.121306038898034041e-01 2.910563673787394112e-01
8.072142585685947447e-01 7.035041231296614850e-01
5.649476647151829845e-01 1.049609344753134055e-01
6.604240408193029488e-02 3.839814891538432251e-01
9.252518951722115137e-01 2.262633151211752569e-01
4.222407479193786006e-01 6.416877957716966563e-01
4.967018592782538322e-01 2.509595401266340176e-02
6.952865047666921816e-01 9.184076745125073771e-01
5.996942981833820463e-01 5.804126831646309048e-01
8.352982416452440217e-01 8.328384036328615458e-01
1.867565277690307335e-01 4.222991471469109692e-01
8.192697820168520773e-01 7.348339668594188190e-01
8.443880345701173518e-01 1.294433089182410734e-01
4.394670610097166641e-01 7.089532174596768765e-01
7.301612544117220827e-01 7.180491753233630980e-02
7.119403565098224584e-01 6.262284592042896003e-01
3.489130787321288452e-01 3.041085991737059180e-01
2.900934969501933747e-02 3.919898146388490767e-01
3.069951076383001798e-01 4.315013711681532360e-01
7.087456164425970373e-01 1.454819079548630434e-01
4.799624318514972288e-01 7.928532882832405315e-01
2.486345907254844390e-01 8.636843855310488705e-01
9.329594639901325204e-01 1.128396090835160903e-01
1.157004944241535327e-01 6.452019962785110474e-01
5.171899886691607717e-01 9.035775740302292025e-01
8.019519052576666862e-01 5.018925618242408015e-01
6.869050887629668534e-02 9.887047839964258067e-02
4.484910108432331732e-01 3.045716189933541651e-01
9.431294295733929633e-01 6.658458222715569752e-01
2.705305792044095936e-01 3.569586223448029116e-01
8.078271991277063968e-02 2.496880444962462642e-01
3.187714004104493792e-01 6.419483445457923043e-01
1.725537346891774515e-01 6.771836994261348774e-01
1.176493557689776148e-01 8.941261106953348747e-01
6.264365575214246862e-01 5.774726200891944217e-01
1.872716897697004335e-01 7.408706506938372849e-01
2.360521618815774048e-01 7.980432209799958043e-01
7.789545871583942738e-01 9.393957528131663404e-01
7.826932315321750711e-01 3.649451853402464474e-01
5.106522463791420829e-01 6.268690411940978091e-01
2.675180650326620668e-01 8.000516182655673658e-01
3.290980423441857150e-01 1.301360781089077046e-01
5.952142828823980825e-02 6.600093809813170065e-01
2.647113691768956389e-01 8.515756984170692601e-01
7.724318485656611610e-01 1.152079514792354598e-01
5.552812280008592172e-01 9.673738960177289403e-01
8.292309251473809484e-01 8.722395642271102423e-01
2.627566995415893114e-01 7.254784091663493140e-01
3.398816539523543678e-01 8.280626626852322092e-01
1.026522164607919230e-01 6.851140983015391317e-01
6.449043196172885573e-01 2.613181435144298348e-01
6.321614755141257147e-01 9.108809569913709492e-01
6.151658298705278138e-01 1.840430103530968919e-01
3.061624135269647162e-01 3.515584338126348518e-01
3.111693484381629071e-01 6.844074816689518226e-01
9.500027803711993402e-01 5.039101633327371932e-01
7.902570521700404971e-01 9.443850726035201149e-01
3.744444155377659733e-01 4.627869775197224200e-02
7.533016046092964046e-01 7.349903285619352467e-01
3.032515777217211772e-01 2.691298838292062179e-01
7.033281572510885482e-01 1.564051322047375070e-01
8.434482252206304542e-01 8.606290286952616997e-01
5.663484288657263388e-01 2.188049848974483735e-01
9.490030560180160446e-01 2.352815785329658294e-01
3.090010403569846131e-01 4.418320494119507558e-01
5.207299484405488732e-01 4.555173221301619391e-01
2.069484820642619738e-04 8.621964596942177650e-01
2.373862140902327500e-02 8.815506099024751352e-01
8.228177450450283592e-01 9.366991078643309709e-01
3.139634501826745749e-01 1.797069997060786184e-01
5.428652624087215717e-02 6.877426969251495548e-01
1.565588515339397802e-01 1.678314847241876295e-01
2.303929218329857642e-01 2.786190589064332368e-01
2.135965842129747827e-01 6.074172352363396143e-01
5.111159433664952401e-01 6.506865914954322871e-01
6.420482154705945410e-01 8.551557561842503263e-01
3.672665463778856942e-02 5.577116600672833435e-01
3.859415898673976830e-01 7.892646651513987033e-01
2.285547481960568117e-01 6.089517189658401053e-01
2.695934240229704848e-01 2.346711848304808834e-01
3.278369850634231808e-01 6.357574166648027880e-02
7.463862278717381393e-01 8.813100604706113339e-01
1.698510950428555599e-02 6.524424151409901063e-01
5.629006629232156111e-01 9.053939002176841777e-01
6.853602267351570632e-01 4.185849750923360535e-01
5.781960440273412605e-01 1.272144843198868003e-01
1.621501202351400828e-01 2.238369463308609308e-01
4.830900941611395716e-01 2.668241106953507247e-01
1.005443885970740414e-01 5.185084461211220130e-01
6.978297710269637522e-01 9.643908236572296122e-02
7.289528194653327464e-01 2.366816771188007262e-02
6.989406234191203326e-01 9.530852548864231499e-01
4.567668606389848618e-01 6.589075736609695255e-02
2.826820586764745569e-01 1.475138132985455153e-01
5.009365735228783478e-01 1.808034472672993553e-01
9.963816981893214297e-01 4.195658040628518215e-01
3.873411869061115231e-01 6.416408661772721178e-02
5.985902181766421526e-01 1.243033226451928375e-01
2.617414652600400515e-01 2.991392484891306491e-01
9.811599180804764231e-02 8.300138387275056706e-01
1.105290105495334574e-01 4.830050311886430192e-01
2.890625796740650122e-01 2.365445657608447050e-01
2.232958529063269193e-01 6.698643759763494021e-01
7.937975050462602322e-01 4.089133583478486988e-01
3.185283033819343856e-01 7.310356112838111153e-01
2.691642312832953632e-01 8.704607389413052676e-01
2.938775360000892567e-01 5.125256353600726733e-02
4.703426258442755525e-01 2.999053572477794471e-01
4.659537627192005260e-01 2.920264474816985922e-01
9.870146293935037063e-01 9.745360622652122773e-01
6.175352056613011564e-01 9.065601172794947038e-01
3.129359658641358566e-01 7.878928932496174209e-01
7.650525317153862304e-01 3.553145136233548662e-01
7.214717304609021831e-01 9.361742719863141993e-02
2.325811861125112179e-01 2.099017628929470414e-01
6.257713380055096586e-01 2.017621727271258214e-01
2.835572001475065163e-01 2.723593903474754718e-01
9.433494900386794058e-01 9.479997338971080101e-01
8.316465959302979938e-01 4.515219621667267980e-01
4.900659672929136290e-01 3.745772960002979879e-01
4.608295373992603583e-01 1.415038494017560877e-01
2.709844625538294638e-01 1.851013063790684088e-01
8.809061553907729936e-01 6.899731640641824093e-01
1.333347578550118095e-01 4.304095136360707174e-01
3.256426178891673739e-01 1.494289387648684020e-02
7.394275136686482286e-01 4.402098161457113079e-01
3.616597341041386526e-01 1.821511016767527469e-01
4.882892666788056779e-01 2.716390141047752005e-01
5.077763447855582202e-01 2.503933499023441867e-01
2.926452645119159701e-01 4.251630384613156455e-01
6.109114614023317680e-01 8.425629220402960362e-01
2.786546444632167496e-01 3.273742510149755258e-01
6.446749197651432395e-01 9.948453661368346079e-01
2.307660181511376196e-01 2.207735828462276118e-01
8.203054206076642041e-01 7.980696173771030244e-01
3.290118106423237654e-01 1.475007109855186460e-02
4.295180481734958144e-01 5.434836578212361990e-01
7.601544306592730171e-01 6.609470573176378094e-01
6.721265031568310899e-01 8.033806300667222233e-01
7.748718813259030114e-01 4.732539148883952995e-01
1.048125768508473277e-01 8.143355705533161792e-01
6.017740000315968674e-01 3.301347691778533378e-02
7.884910597940069099e-01 3.933394267442219538e-01
3.141128963490003034e-01 5.150483535883182418e-01
6.715603316597105188e-01 9.248463778030144855e-01
2.601777308364061625e-02 3.046715232372545490e-01
4.044490094577091188e-02 8.431313402735849394e-01
7.035378091267208145e-01 2.705702183074728540e-01
7.693841607607119215e-01 6.333798145741779129e-01
6.601305347382026012e-01 7.504297132612253174e-01
1.609772870635522990e-01 6.004598140943131490e-01
5.176429313168592339e-01 3.404785201636101322e-01
7.306238195624563669e-01 4.342401096493263557e-01
4.700680823526526275e-01 2.092344605227546284e-01
7.389540181454480328e-01 1.060044306714413853e-02
4.972326468581580450e-01 5.376448622510345832e-01
2.675845278288139228e-01 1.685233598461187698e-01
3.479612466900151579e-01 1.058680344502832549e-01
7.211829774945829330e-01 5.811331376284520900e-01
4.176896754559533687e-02 9.538298022152252864e-01
7.717621691239763271e-01 9.743897847722247096e-01
6.427701974472180835e-01 9.421137207142816772e-01
8.031539174397093195e-01 3.086644144542384227e-01
7.541478947377915354e-01 1.216065169396114420e-01
5.063493563373049344e-01 9.087721168803684080e-01
5.246203828941718994e-01 9.467119294012922293e-01
3.817710225786486999e-01 5.241535754092776500e-01
5.694954646106727969e-01 9.604976835456291440e-01
7.076815130051147262e-01 5.948151227938159868e-01
6.570908448214907160e-02 2.230568330573916569e-01
1.233638887262726858e-01 5.111583332462218410e-01
9.908174778378676661e-01 8.375544043314482323e-01
4.888351103925786534e-01 5.143933767044521765e-01
4.130901310814061311e-02 8.352891620246463145e-01
3.818310105894731077e-01 2.765171118032738740e-02
9.242961104852149834e-01 4.398767668833708511e-01
6.745716112869341030e-01 5.400473276665518352e-01
7.896540828216255248e-01 9.623792466398672918e-01
6.209655766021033863e-01 1.169191228684776096e-01
5.882220402148952143e-01 3.170774604767168103e-02
3.448411499719464812e-01 7.398799426569735438e-02
2.857104027889549869e-01 8.987288418592563888e-01
2.118469684481931736e-01 7.825099947796736455e-01
3.963914257903188298e-01 3.692066517941157144e-01
8.443939039846971584e-01 4.126645625999352252e-01
9.824069186466056758e-01 1.988489141117527614e-01
8.794901458454874588e-01 2.710871535682374267e-01
5.553147080469431618e-01 1.198274882796303009e-01
4.687281921474939494e-02 3.727673653222718375e-01
1.792835217978405726e-01 4.882032580205964978e-01
2.429920351178374016e-01 3.887371238887327163e-02
7.182932746957462200e-01 3.338002905273140808e-01
1.723019906715714811e-01 9.479735253585467314e-01
4.885591656070685795e-01 5.629584961656569631e-01
9.622235482895821201e-01 1.181544004417528493e-01
1.822693512970352536e-01 7.102047827640191047e-01
5.607882313391338025e-01 4.152718681313649629e-01
1.121550331554787006e-01 5.839600845279776520e-01
4.414453761029052403e-01 6.710662329055556707e-01
3.004217068659946754e-01 4.025100569661315131e-01
3.080164196744299421e-01 2.009319916891263436e-01
5.080139332637969574e-01 8.291387576123917524e-01
3.443229905024891568e-02 4.853790524115459970e-01
7.521014431627511820e-01 6.340543087162466840e-01
9.930256199628710867e-01 5.723875845930614936e-02
1.617422496161928791e-01 3.196797564449650464e-01
6.227204998506263856e-03 5.194662135381732382e-01
6.406346811524155083e-01 4.187363869724135546e-01
4.173402893437681005e-01 8.772788135202104209e-01
6.119019153066004302e-01 2.635023137639733726e-01
3.196459134456672846e-01 2.008246317555162364e-01
2.646430048859090833e-01 6.701622107681498575e-01
6.377639240989348979e-01 2.616466797796992427e-01
5.397318654423396422e-01 8.606315236540538205e-01
2.683794308886567892e-01 2.489620104399414835e-02
2.760862723021435539e-01 9.407230534122436039e-01
2.051245066977069875e-02 1.215526584212753836e-01
1.737242489495416375e-01 7.063085882114197300e-01
9.786864884017111299e-01 5.883091408515186416e-01
8.849794918646802788e-02 4.579966556571515301e-01
7.830704694619100570e-01 1.790887670004172039e-01
2.958403662256137157e-01 6.675745005170138358e-01
3.178346834010241651e-01 7.288579056912900533e-01
7.951474189765702638e-01 8.307819743329444284e-01
5.512672572154956319e-01 3.787949214481124427e-01
6.184630781040819647e-01 1.862709523898239405e-01
2.045651882326535720e-01 8.187043763529636697e-01
8.172777924346169565e-01 4.068626250539384426e-01
4.674061396322577444e-01 4.297531133161054395e-01
4.523837883758184963e-01 2.277912760878548770e-01
2.182884920253855832e-01 8.327791546872690409e-01
6.670820761631522933e-01 9.757787580634244007e-01
1.602248676539920202e-01 9.234454318202007794e-01
7.655774595500187685e-01 5.275747455728283519e-01
6.532517670898932982e-01 8.376267275805616697e-01
5.276276328804466731e-01 6.473823913527783080e-01
9.767700791215199185e-01 7.202962739987998075e-01
7.847429634686753364e-02 7.168044758569379615e-01
9.738759284139447692e-01 3.907294317738717604e-01
4.342816097478663373e-02 7.273255927782961150e-01
3.091460037416341455e-01 9.179255660176941500e-01
1.825387900339537905e-01 3.766686553641185320e-01
2.367701908898800500e-02 4.387024701366810664e-01
1.900037237306262394e-01 5.970923155990244258e-01
7.461865252807881044e-01 2.798398830816176686e-01
1.337312036089587375e-01 1.197435687233588952e-01
2.547367025156661580e-01 8.284214139631681517e-01
4.330692623621754667e-01 1.929642462682995552e-01
2.836372111932403683e-01 3.499245310927812103e-01
2.039567184131226840e-01 5.395282826303711143e-01
5.694768885174322781e-01 7.795808337367227114e-01
6.955145248244689604e-01 2.458042113650408256e-01
1.575062888112274129e-01 9.038797122369524040e-01
8.256349402633449408e-01 7.439828640510848246e-03
2.342707135716826095e-02 4.888273186595317732e-01
8.383399694730527818e-01 9.253392899626606827e-01
1.939606109736240480e-01 8.093460419391567129e-01
4.160079030318201143e-01 6.519715493648026161e-01
3.155422050699520087e-01 1.259718867945304188e-01
7.075453195315972721e-01 3.080693083402610277e-01
2.972320603861311472e-02 9.667930377441305012e-01
4.287951528237242682e-01 9.930771544245864391e-02
8.124265934068042316e-01 8.486043195889104718e-01
3.013500835540617873e-01 6.827649166038370909e-01
1.202366882226172384e-01 3.870808755549933755e-01
2.215169741653244539e-01 2.455833812643992697e-01
9.647857506962397300e-01 3.467571759277643384e-02
5.507324685894167127e-01 6.364034635274743446e-01
3.338485670746899059e-01 2.430137768607368853e-01
7.963969207156570418e-01 1.710143123534662024e-01
6.505397349041639465e-01 9.997941909292542562e-01
8.378018829799438461e-01 4.237176042268003817e-01
6.817011823740196652e-01 5.884691347229294989e-01
6.521096151384586648e-01 3.114353886070287958e-01
5.049868531959209594e-01 7.644866066198052756e-02
2.319868689471461520e-01 3.997393351769281677e-01
1.567258717806451207e-01 1.594877821397198137e-01
1.782747419358577945e-01 5.515196778665552024e-01
4.524197456707688136e-01 6.220613543236235277e-01
9.809875340482522299e-01 6.069809763178841688e-01
2.252656311392647881e-01 2.654070220561085547e-01
1.974327919913095863e-01 7.768312448004555115e-01
4.967997938457046070e-01 1.135970211588235301e-01
8.737175401284994480e-01 3.956973210077390224e-01
6.096101623657804724e-01 9.746171359127349110e-01
5.836017861484225078e-01 5.080808027897919521e-01
9.078337853392415280e-01 8.954724108801630500e-01
4.558375977622314279e-01 6.825642421992005326e-01
6.778072977712924496e-01 2.964540672897554296e-01
1.632850267214331907e-01 5.687938174641619105e-01
3.607553630664672717e-02 8.228942987899240391e-01
7.606270000038967138e-01 7.088324896785989093e-01
9.281548359608535748e-01 9.579903410896798421e-01
4.672163598942125073e-01 6.748173515640124576e-01
9.745753916887229806e-01 8.534524361235252821e-01
6.541373486793619074e-01 4.394916293720264600e-01
7.425466264308275832e-01 5.848812332782094003e-02
2.318130985007182954e-02 7.536172680069535001e-01
1.295237711078934817e-01 8.118856657503054075e-01
3.944667825224613678e-01 9.515194868375292936e-01
6.398443358247429824e-02 5.028864149288062579e-01
2.698062864972243791e-01 1.010862291283931569e-01
5.411429935998461893e-01 6.285611084429931772e-03
2.102206541390014838e-01 4.518048806925231142e-01
3.461686127110475963e-01 8.631708268399336248e-01
2.859004172280699141e-01 3.221334578555226091e-01
9.107459128410547722e-01 1.714652209802535188e-01
6.245799911475512500e-01 3.958740216414163848e-01
6.513968366284650369e-02 7.969140030261371299e-01
9.981086029378815061e-01 4.224560351089097221e-01
5.982991855889275845e-01 8.371062589791410380e-01
7.857387828659018192e-01 5.050523698834707975e-01
2.841898544473674404e-01 2.518589297807978244e-01
8.692546826322752329e-01 7.675054148603599469e-02
5.903244588152511962e-01 4.891326330359827557e-01
4.917164179449571293e-01 8.048808791219234093e-01
1.520423897741302044e-01 9.885224647041723767e-01
3.145815229797918056e-01 8.260194076190564560e-01
1.666763258991397212e-01 7.594004590076850469e-01
6.756483554369996369e-01 7.950708987561556640e-01
9.991426727880106107e-01 6.833749030756801623e-01
5.157752499611213404e-01 6.986653773312448967e-01
7.584330935255810813e-01 4.604230468421386391e-01
2.288695959364582810e-01 2.180810758332549781e-01
2.187588522337702290e-02 7.584950295903024609e-01
3.495565397491747772e-01 7.585915289622269242e-01
1.302296460105054621e-01 6.722167706445454360e-01
4.302630950489050310e-02 5.937575313360357043e-01
2.578002812953383849e-02 6.973644833190856263e-01
7.919721184827660521e-01 4.123934993119522385e-01
3.561121145075357708e-01 2.321157941590258345e-01
8.538805956873732894e-01 4.674449452710327524e-01
7.561932725683578882e-01 6.198555595929220452e-01
1.457879648104933867e-01 1.701420804669926401e-01
2.622389816406668350e-01 8.581689152499012430e-01
3.239400085434329668e-01 8.889400600889747484e-01
6.297693894947851145e-01 7.083120187647522492e-01
2.804803571750573710e-01 4.819273084596276124e-02
4.538918238849266595e-01 6.406110058260279239e-01
3.352299862745443670e-01 9.527243252256573092e-01
6.387968850537305565e-01 9.936639853215907259e-01
8.012917854915502236e-01 5.102808156284371899e-01
1.643249500379377892e-01 6.499339579877295714e-01
1.512253260410991729e-01 4.057048948405439504e-01
4.935845095060628074e-01 4.946748523904397343e-01
2.478231706561698777e-01 2.299702318706198234e-02
5.532858272052182391e-01 4.517487165337809030e-01
6.381559992009511184e-02 5.176034373036632052e-01
1.150003288838740145e-01 9.918247487637736892e-01
7.400599084121319837e-01 3.638351485169403210e-01
8.397298080478012849e-01 1.021834380187343072e-01
8.777807443616185701e-01 6.588735325468095816e-01
8.160935281857262247e-02 4.374461397397352291e-01
5.967588005099303539e-01 6.237328852823156300e-01
7.370066518563762603e-01 6.591136294348873825e-01
6.436884970632571479e-01 8.204461013212543952e-01
2.055898020963586870e-02 9.597131726551766384e-01
4.302612744680310852e-01 2.843965372987173890e-01
4.896175053045259684e-01 9.402967141195782697e-01
9.189039860653308578e-01 8.177190907621610938e-01
2.232579788869621940e-01 2.859716668086325075e-01
8.290184204583348482e-01 6.522104825388213012e-01
2.459390012306736928e-01 8.691214310911813401e-01
9.041344296464083330e-01 6.349151805796724446e-01
9.846306904950870020e-01 5.515345026909197479e-01
8.581437831082373568e-01 3.032221703991921924e-01
9.520674909113576723e-01 3.621464355630984455e-01
9.954960284190839115e-02 1.551341757988883296e-01
6.334520118095288144e-01 7.571847196038248295e-01
5.472602233570189600e-02 4.695125756211437906e-01
7.842070615918756982e-01 5.269841858401601575e-01
4.188704962553866373e-01 1.769427496394497812e-01
1.136394299227913018e-01 3.330464759883647874e-01
2.849489068592491181e-01 3.677280065772968731e-01
7.618277560603925469e-02 2.260192083335447188e-01
5.153166830303934631e-01 9.916130877268310995e-01
4.157630118712737355e-01 4.130920523330705585e-01
2.841220743248400460e-01 5.577209679548358334e-01
8.598698878195781825e-01 6.693856929386015064e-01
9.986836847789469784e-01 9.452764163901138383e-01
8.433586852698526926e-01 4.175250383914463903e-02
7.547686263302774146e-01 6.158835859767084475e-01
7.458146450228837487e-01 9.774542063420460503e-01
2.204747474701930221e-01 3.613809297643024721e-01
5.525892260154482427e-01 3.360867219728396194e-01
8.646247164479411440e-01 5.425374642382351231e-01
5.253243424018338992e-03 9.110026333029317414e-01
5.221917500837918169e-01 6.860347222250958721e-01
5.087212701178258634e-01 6.141106241014657741e-01
9.809949159900134275e-01 4.417963400768898374e-01
6.979683801484137806e-01 8.594292396478571128e-01
1.045082733361487604e-01 5.813399709956638128e-01
4.585724103225069515e-01 9.921747143166965710e-01
9.369734994912822801e-01 1.862037940558549654e-01
9.760491947706328997e-02 4.536383438428525094e-01
1.915172456861025108e-02 4.969633606718483199e-01
7.384425779288830149e-01 8.832667376244583979e-01
9.632381583900451183e-01 9.168780092264965376e-01
9.139448365943614316e-01 3.348729778223612508e-01
3.865865809611229720e-01 8.142140833269593259e-01
4.671462831619297429e-01 1.505613934042463464e-01
4.542686271778572094e-01 3.699197071704842799e-01
8.532226453618352302e-02 3.504130506373381859e-01
9.592206129214124743e-01 9.264741227056945139e-01
9.691380205809333459e-01 5.716827725028567064e-01
1.058950588343771093e-01 2.269883505853260708e-01
1.863653712991518718e-01 1.886535848700224838e-01
8.883428866520635125e-01 2.040177055618691560e-01
3.789654833325690753e-01 9.306691119780186039e-02
3.650798842486036033e-02 9.478507456937833586e-01
7.624151918334886036e-01 4.348938417157732772e-01
1.688167193300497138e-01 9.804038856124352996e-01
4.341632651105102880e-01 5.445539084643314931e-01
7.542379761193784837e-02 2.795433567068140723e-01
2.623339322904575388e-01 1.390239681735213617e-01
8.941843962172221216e-01 1.938191625456529010e-01
3.080259051306444285e-02 9.858597970824255485e-01
9.395735706320620384e-01 7.229464663742709574e-01
8.414409645573617258e-01 1.562398706369781953e-01
7.997749851429070134e-02 8.642175102568360190e-01
3.584847052923487709e-01 3.227762725737509664e-01
6.886950963097476786e-01 7.570406021657104523e-01
6.136857412148234436e-01 9.528787303329411262e-02
3.652726254277748330e-01 1.315773292702016040e-02
9.745943597177586515e-02 7.283704043466165956e-01
2.726045464202315749e-01 1.596203893395357065e-01
9.804555995734102192e-01 8.203548722837060714e-01
6.821466045747867080e-01 3.255954039945239131e-01
1.677830538240167035e-01 8.161028610202336608e-01
9.265393959870195095e-01 8.636940567691091530e-01
2.526219763210595382e-01 8.918466904245614391e-02
5.041977531598212936e-01 7.731215369141347660e-01
9.816430867745857825e-01 9.158718303456059306e-01
3.199798776448559146e-02 2.207048563029445631e-02
6.317240104351196095e-01 1.278021758779636086e-01
6.073793992665719177e-01 9.403614921776104474e-03
7.417014481027973671e-01 3.871519812392058002e-01
7.578807086841469198e-01 6.927212161175995142e-01
4.776399317454553817e-01 5.086327158075353294e-01
9.020505270287082489e-02 6.483601865107411211e-01
6.407550826320475013e-01 8.158320844374963299e-01
4.916908122774343859e-02 1.877735903872794765e-01
6.629584314900871522e-01 5.517326243148613640e-01
4.148711223481490462e-01 2.696510990098288651e-02
8.340195053230387012e-01 2.901278943618499362e-01
3.647889316147562289e-01 4.555309033350910530e-01
5.449269868226652713e-01 2.409410289485888201e-01
4.987112279852989882e-01 9.253807605539885461e-01
2.017043196121370841e-01 5.505642152630375596e-01
9.731101379629830683e-01 4.797668145537522522e-01
9.051205898910730241e-01 3.798028545752274443e-02
5.239174387012761613e-01 2.874512259592454377e-03
2.709876492406859683e-01 9.166328631625820789e-01
4.154470296054142420e-01 4.630384651486594283e-01
4.030737838210727286e-01 7.394691347566063611e-01
3.981740946363908629e-01 5.109958520181427932e-01
6.342721104729387438e-02 7.132956444139000318e-01
5.343213559148040082e-01 9.735682130424480052e-01
8.711270453663173541e-01 3.454455613682293480e-01
3.724576261192806825e-01 6.602782725183921064e-01
4.584465435386806398e-01 5.546113782765595968e-01
9.709661194688964381e-01 9.065767363377741361e-02
5.947856309798190688e-01 6.775899254634383251e-01
2.193707405802608479e-01 5.860947340466732269e-01
7.749496601910047522e-01 2.855078920416467270e-01
9.770109413097294304e-01 1.302656185045645287e-01
4.739271096448542941e-01 7.288710977197911944e-01
4.401907983589615769e-01 5.144907981118660434e-01
4.748157201045174469e-01 5.361307361250211567e-02
3.214823774468440476e-01 8.291343438527820631e-02
7.603151258395087764e-01 4.775896508861823264e-01
4.071616214133538802e-01 7.609289361615616532e-01
6.571192323982043559e-01 4.132735428480096562e-01
1.338979465850393957e-01 4.825971011312484293e-01
1.924369566756555239e-01 4.194844279064248171e-01
8.807517735309031703e-01 2.758876836826195111e-01
4.337083223896329720e-01 3.148061969134963167e-02
8.940300312162958729e-01 7.953298475053871552e-02
6.344633590649896293e-01 9.714258252649743408e-01
9.131141264060844698e-01 3.095835215174935762e-02
2.702071102175040984e-01 1.077060449108412366e-01
4.055103027852058339e-01 4.527424026010535840e-01
1.672002632242222120e-01 7.745380698558400612e-01
3.489379936511554092e-01 3.991655835977669931e-01
2.972227640784732561e-01 2.865497447558880140e-01
4.199900706124217731e-01 4.102480777796504441e-01
5.151703912377070260e-01 7.088991996097920856e-01
1.117712545039373229e-01 9.302191258094383297e-02
1.554304097683663066e-01 9.617729867497304408e-02
1.626306097387727467e-01 3.123505007103888342e-02
8.270312264773719280e-01 8.010966280216821334e-01
2.382382430184870614e-02 3.250000451770431731e-01
6.264937335224348702e-01 1.532221735812828722e-01
1.716540717470210753e-01 6.733397717042799435e-02
1.574897338659705381e-01 6.471246695797034931e-01
6.297470540724240395e-01 2.670375131827046333e-01
2.580616552029008082e-01 4.156231569583311858e-01
4.787675865181756363e-01 9.175899818695243404e-01
6.774914693891773698e-01 3.199754636984993850e-01
7.655521754937645307e-01 4.426567756289389033e-01
5.894016227082391479e-01 6.562980818385478754e-01
3.251301980391416713e-01 5.006287670715948712e-01
1.010634804692052136e-01 8.470444816668272203e-01
9.524166766052585276e-01 9.018386161690395975e-01
4.475363224017536723e-02 8.528736531611916805e-01
8.420740774165902387e-01 1.306690315515570688e-01
7.209577327933194280e-01 5.384942854774676935e-02
8.118607495260172779e-01 8.020271444867748123e-01
9.676485225106442600e-01 4.339467682276955118e-01
4.969006468502261686e-01 4.311077053757337296e-01
5.103743120371346809e-01 8.153659233820685914e-01
8.683731988588865303e-01 1.536431543688365764e-02
6.682368000372799210e-01 6.241946134580741434e-01
6.118705901806689162e-01 7.495912954292203167e-01
7.330011519580948987e-01 1.074068899476503525e-01
7.102950576567532703e-01 8.291117476061848901e-01
1.226352777409434047e-02 3.197270309671572663e-01
2.001591446810374597e-01 1.879509996082584511e-02
8.686856802136062594e-01 5.376187149804331211e-01
7.369357186087344136e-01 2.176022698818086409e-01
1.246576807565287215e-01 1.558781070484650533e-01
8.459140427378152305e-01 2.584568346563250740e-01
6.176652089575755955e-01 3.544609710652197876e-01
4.403955709041366129e-01 8.551738301740429149e-01
7.342814779344134513e-01 3.356654495293637241e-01
8.972004851734590725e-01 3.157954563973535134e-01
7.502488358765055931e-01 7.898324891267232140e-01
3.607441242229344480e-01 5.244928917078217623e-01
4.594319407954180479e-01 6.245246535501455254e-01
7.298580097190388027e-01 9.121407168549191535e-01
5.838558600866067261e-01 9.023594339132873232e-01
9.929139266802137209e-01 5.457341768304563301e-01
2.521200245228540915e-01 6.425133985985850282e-01
7.291908718170162507e-01 6.482755697841986464e-01
5.570888997246503660e-02 1.886444268783652456e-01
2.385836164708606821e-01 2.450218883132710967e-01
9.391072828364923630e-01 6.680148555493653495e-01
2.321935021207065519e-01 1.655630894733147729e-01
4.832435406079715889e-02 2.830119026889138523e-01
3.367067514329540323e-01 2.806954893406695684e-01
7.198192747557210502e-01 5.669887932850714574e-01
1.033026833151081680e-01 6.493610553592013002e-01
3.105420691566587177e-01 7.413600512687555932e-01
4.889692634539919425e-01 1.408961028858781717e-01
1.829434687570226092e-01 5.514750712623879281e-01
2.844835444413807979e-01 3.820706167561936928e-01
7.855671924665043049e-01 5.559850547971865176e-01
8.772602865078048540e-01 6.880383941657520763e-01
1.538144107068586397e-01 9.955146316520491201e-02
6.433213211944209808e-01 5.355649691864560191e-01
7.342968643378492422e-01 5.545499081508833417e-01
9.876322295620506564e-01 9.816418759693332774e-01
2.721592776207963915e-01 7.918695697726975125e-01
7.661155112259786515e-01 8.404614326211667930e-01
4.203388176227466078e-01 9.278013976388935768e-01
3.767762632266637990e-01 7.133243651399149288e-01
6.023780087602366162e-01 3.639472788662223568e-01
2.278832650425819395e-01 6.853535256147802457e-01
9.023318308545432709e-01 3.984982896738659131e-01
9.646863970054941895e-02 2.806076471878916623e-01
4.006535196363624207e-01 4.070576518323575366e-01
6.376750685285391684e-01 1.151502191083252358e-01
1.126064801439889962e-01 1.735432828809638783e-01
1.657332976721662687e-01 1.757593850376942823e-01
5.225104737947461331e-03 2.742032717850985124e-01
5.656911521909891993e-01 9.921918303058194777e-01
4.110678548165318524e-01 8.460556371517005125e-01
2.094714766054155408e-01 9.397697269615062909e-01
1.702024074498009742e-02 2.713321039274185775e-02
3.620688010675797708e-01 8.753153593364593199e-01
5.669244739357086615e-01 3.513457647588991151e-02
8.403504101381377156e-01 1.621811791126887004e-01
3.759979688422068200e-01 8.540044724012041399e-02
9.312092189359734151e-01 6.237430974738056300e-03
8.784565714530824243e-01 1.683619860483992481e-01
2.022577107452218081e-01 2.207153029920191356e-01
1.423466983416321607e-01 1.430968214718452147e-01
8.715895415136453162e-01 4.170836585730188784e-01
3.626766403151789886e-01 2.454636073187088652e-01
9.049104342667517731e-01 5.849952560391016299e-01
3.452329218293700430e-01 1.976770230541592399e-01
9.129192867060114125e-01 2.048104073602213804e-01
6.532899236296063616e-02 6.305357141042781111e-01
2.770943469209259380e-01 1.778921593829221326e-01
6.050911194561604534e-01 4.563720551391864388e-01
1.570702968341808337e-01 5.744564336197895971e-01
6.672316463072008874e-01 6.937766540804727322e-01
2.521438469173682417e-01 5.188548147008561484e-01
3.375138511220391324e-01 9.266738585900030634e-01
4.812215047390973055e-01 5.705531362723459399e-01
5.313866348577074294e-01 9.980132311694730474e-01
8.959386212321874821e-01 9.874074773008307826e-01
2.403875945038774775e-01 4.823659760078744529e-01
4.528069177390074973e-01 7.014920632361445474e-01
7.225851604760435976e-01 4.183560311920558883e-01
5.266888836791294715e-01 4.656517181215892309e-01
7.655959950759287924e-01 4.944104402980712409e-01
6.780349811260918402e-01 8.231283156766312503e-01
6.782799104083132580e-01 3.641715941617931218e-01
4.784430393516773128e-01 4.662345483423153691e-01
9.592691388159046983e-01 4.357426781845923358e-01
9.135837606096420815e-01 9.096409495328284800e-01
7.465470416985389157e-01 2.020492307240425722e-01
4.251489356018373078e-01 6.450376484325935911e-01
2.567848320413973484e-01 1.604082394733593597e-01
4.822435663755312296e-01 5.998315106880102165e-01
6.473444844234689244e-01 6.115341845511547136e-01
2.914153757003714595e-01 3.481986257532437845e-01
3.829201517179786629e-01 2.045352408589157234e-01
2.069321219351515362e-01 4.585691923229174849e-01
1.283947096999780157e-01 1.099690382525768673e-01
5.054900265536805826e-01 4.763723518022300318e-02
4.024733692732628265e-01 7.486829407038055884e-01
9.742569982662091510e-01 4.998767506118407811e-01
2.571397867115061686e-01 6.279543415276096496e-01
1.449412941572809643e-01 9.304979731403107968e-01
7.550437287826271548e-01 1.506585491974027358e-01
9.767257333787660034e-02 9.262833240031521642e-01
9.560535555813983732e-01 2.513428384300321339e-01
1.718658957730265779e-01 6.896139968834811285e-01
9.937020524022986967e-01 2.577661651033208434e-01
3.608601912017618263e-01 3.598704752499639614e-01
4.654243519434673182e-01 2.623999191552304211e-01
5.589065319325785541e-01 8.316387160173767112e-01
4.003609709525179916e-01 2.801750269266386484e-01
9.344889811908040356e-01 5.497460531852537136e-01
2.327032154763559735e-01 3.471435040584104348e-01
5.009426348841328203e-01 8.893343792057373243e-02
3.383238040794200874e-02 7.107044595799425490e-01
7.420035998147966882e-01 4.703712173209858571e-01
8.643162178478372981e-01 5.884061433255398654e-01
7.573625526284299969e-01 9.359825066888495249e-01
7.903636126611446322e-01 3.105486987468297766e-01
1.189713660289006825e-01 3.977063801307212376e-02
3.905479057701075618e-01 7.453033328224889509e-03
7.379049951203322522e-01 4.517676168608290022e-01
7.322299813308987826e-01 4.977441541320687390e-01
1.489422857937161560e-02 8.721261000315242429e-01
9.205323235576057250e-01 6.010596761860060866e-01
6.991662938719360731e-01 6.067062355983632305e-02
6.957166649388938362e-01 8.400041300985661152e-02
3.207878665612934332e-01 2.985307667580661128e-01
8.414302600608860594e-01 4.628966968467270737e-01
6.272380855444115166e-02 2.421998672183174328e-01
4.443607319806937017e-01 9.474922671099290650e-01
2.413221403969511014e-01 7.753986686719785970e-01
1.749425659640733155e-01 6.423359604944619550e-01
2.255841587578736318e-01 7.719869363777153159e-01
5.425203638046312005e-01 8.925934541323875537e-01
1.067813986934705861e-01 1.892836553556869195e-01
7.662478754334210995e-01 3.359672699482167957e-01
6.947609200180004940e-02 7.030884165474005076e-01
1.357202769932626119e-01 1.191938579327374015e-01
5.028490191280661215e-01 4.119903754198203094e-01
1.739967329687016617e-01 6.705668085697148451e-01
4.154880638140546756e-01 6.851602313977221970e-01
3.828189934551199380e-01 8.258626758965935677e-01
5.740732161851406223e-01 8.118300337946130485e-01
6.260226031445219608e-01 3.616900179028640361e-01
3.877494960261087531e-01 8.074460340632574340e-01
2.922677282541286115e-02 1.731438299516584456e-01
6.295371040437884869e-01 7.434217973843034732e-01
8.523552208496284477e-01 7.710110376123879838e-01
9.814832948890007680e-01 9.198566067725039153e-01
4.209416150907283605e-01 7.885088728532613223e-01
2.960199656335019691e-01 9.287424418507150836e-01
9.971633552053073002e-01 7.345788440008820253e-01
3.345476761096873863e-01 9.629956864004881600e-01
4.094974081257019005e-02 4.100015694473986283e-01
5.100348771212630528e-01 5.146268512140894646e-01
2.248758810782772732e-01 4.022372925076235228e-01
7.111479927298655079e-01 7.775825705808221411e-01
7.183201313354640183e-01 1.675490413653069055e-02
6.755490018503406136e-01 2.411779090129139158e-01
6.457123301855729469e-01 3.800792031372551838e-01
5.735006927810696320e-01 2.247382266720241439e-01
6.773826504015935113e-01 9.026263497069408892e-01
3.345903383334604131e-01 6.366150320246544148e-02
9.394130890181735527e-01 5.490451162537971497e-01
8.317788592272414849e-01 9.462013177622480287e-01
8.748700019995528931e-01 5.203775830254964152e-01
9.773106727746565525e-01 4.377497735573113724e-01
2.497286042221277258e-01 8.682287937953231394e-01
8.820211452252491036e-01 5.938350881115095348e-02
7.367837519164803783e-01 3.351329962835337684e-01
8.600975702749928953e-01 2.429319265894633872e-01
5.803025448063319214e-01 1.302473828350126928e-01
8.833300846463679745e-01 1.360123848377459144e-01
6.479130411484090857e-01 2.255733406346287495e-01
7.566392935386173635e-01 1.841940963093979811e-01
7.582850311157468548e-01 5.059902304116575822e-01
7.086861141354694471e-01 5.206078218523588763e-01
5.565422718634496224e-01 6.044322160907071861e-01
2.283438446614062256e-01 5.757480921896469539e-01
2.638394196785318613e-01 2.994598888900513733e-01
4.990233814200244478e-01 2.282555967196663316e-01
6.189802950476968046e-01 2.995679608590148257e-01
1.860414140574031538e-01 8.987199326625098239e-01
4.358224532075637425e-01 9.429275663213745329e-01
4.147200724090528423e-01 1.058802544485926145e-02
1.992179878097709578e-01 8.353503504392654211e-01
3.601862830165351026e-01 8.463769223868838898e-01
3.882089593322565202e-01 2.967237385559561291e-01
8.007267547167677968e-01 7.228868695872014971e-02
8.759516286605756319e-01 4.198664715988443819e-01
3.287101233847787851e-01 2.199206353092003630e-01
5.944073709796783289e-01 9.479459878887757096e-01
3.524189588299584397e-01 2.306686562049630185e-01
2.476519939611442345e-01 9.103178832250735653e-02
2.367148695228681321e-01 6.441999684714962982e-01
7.134490800447902403e-01 4.166037946884244558e-01
9.436432807846016901e-01 1.669634978847617246e-01
7.157093594540840931e-01 4.051453070443157278e-01
2.393760547602580280e-01 1.946486142466662406e-01
1.676130867315236417e-01 9.778553228332504954e-01
3.894246488042331089e-01 6.081381887643950712e-01
4.323695757512356908e-01 8.109638859215455575e-01
7.585869562522525866e-01 4.673871161157705512e-02
6.413706702142446536e-01 9.688212984660656835e-01
8.504249082454308217e-01 2.956742974077384289e-01
6.109352839691309933e-01 4.503647620980919530e-01
5.845752026889178277e-01 5.617682766817249096e-01
7.332281074951944033e-01 3.208190737640813639e-01
4.323217566433512626e-01 5.791025668313452002e-01
8.088642240968724195e-03 2.716601623721593972e-01
4.861475919019022651e-01 1.805076443042286094e-01
7.190729666469888315e-01 1.052248003872553461e-01
7.228516463489277344e-01 8.222152000159778096e-01
6.855927730783775154e-01 9.172638646353349356e-01
7.116776430001919840e-01 2.211882047272504259e-01
8.220093061019859704e-01 2.432800172778469827e-01
8.315383931621312952e-01 5.888520016050752259e-01
5.126532474941006834e-01 5.789833316321626455e-01
3.935957189496063213e-01 2.704703762142404155e-01
4.603936795396676995e-01 1.380566974024064475e-01
6.196381804634468748e-01 5.468591374546184491e-01
6.730784148812181122e-01 6.382666403948212830e-01
9.239604080684213905e-01 5.171468948126893839e-01
1.247604850955263966e-02 8.803317082108564895e-01
1.209758998462540092e-01 7.291944677520745266e-01
1.974239945440966482e-01 1.232996864837215822e-01
9.547456632618585015e-01 3.571073992633388983e-02
3.019949099865470998e-02 4.483383777010420124e-01
5.857026204575677131e-01 1.766100759415567545e-01
7.246779297016164856e-01 9.392021599234837703e-01
4.984803990061803525e-01 1.217617161465347486e-01
8.434809551176216669e-01 9.429092831779586348e-01
8.328224205824427129e-01 5.646904031604869090e-01
8.397460495181504614e-01 3.768836548013344556e-01
4.996759962598592564e-01 8.130241162434703739e-02
3.241552033329199167e-01 9.156513062006972348e-01
8.534523716298062501e-01 5.941565013676609608e-01
9.053655477983550970e-01 4.269277152058571501e-01
9.376107172016239222e-01 9.458708006923028933e-01
5.699678314641291044e-01 5.020318632506870493e-02
8.846619378615642182e-01 9.113883286594710587e-01
9.430536033750412939e-01 4.720196754114184268e-01
2.912931767205521050e-01 8.751297476666064501e-02
8.793348236982826416e-01 7.230202753945643712e-01
8.018056176960743908e-01 7.690663338545309369e-01
8.173654600125835890e-01 1.109896658729763175e-01
3.382780848820646780e-01 8.141704495913135720e-01
7.342761120057099689e-01 7.667563579854878020e-01
7.596107191910933532e-01 6.692003473566510152e-02
8.260735735832511750e-01 8.591264894819516940e-02
8.224053397443803481e-01 3.170882864162625214e-01
2.121241136945021255e-01 1.959059304552719372e-01
7.722635441474390294e-02 4.982630073145672966e-01
7.846024305226829698e-01 6.504411755201984224e-01
9.920434740415675634e-01 7.710267516662118181e-01
7.282893457056446307e-01 4.113211793262311344e-01
1.208091556306836178e-01 3.797583065495184762e-01
8.596499627062903492e-01 3.358467023138043128e-01
1.225164022872796687e-01 5.313550078372125673e-01
6.074475579025002681e-01 1.183135494707392432e-01
7.663105859832143318e-01 5.079029043805740606e-01
5.871376712685767441e-01 3.840272112106368763e-02
2.157901484224872268e-01 4.404688517663523095e-01
1.040886285858739768e-01 7.298786779563365412e-01
2.167780874187269502e-01 3.612797777577670955e-01
3.339441187377145681e-02 2.531015323052722144e-01
8.490541600987214776e-01 5.335168440091273556e-01
7.321300728357138521e-01 2.075876535773122367e-01
1.961780187976749357e-01 5.838266839648563744e-01
1.920017894578336382e-01 1.977229765950949680e-01
9.922083474821774551e-02 7.595588918074640539e-01
8.818067773742299664e-02 8.889768774649767780e-01
8.705535407397617664e-01 1.612618636967886321e-01
9.673941403563581787e-01 3.409277701958983720e-01
8.889968633428169120e-01 7.227453339988942904e-02
1.437710720216496263e-01 4.413958707066089060e-01
4.767202665257008753e-02 2.695136551154487803e-01
5.988365155628974090e-01 1.316289199655280573e-01
1.244680423752180243e-01 4.011865799120755138e-01
1.031203374305944553e-01 6.528411296965875854e-01
7.904256105147233757e-01 4.738391777250750003e-01
6.530432758790316594e-02 6.123071915625719619e-01
2.398344739220861221e-01 3.800347837906247195e-01
1.927795958451627989e-01 6.404768667600276855e-01
8.189259644234186952e-01 8.585430535910170136e-01
7.718086713544104471e-01 5.466074850484150538e-01
5.558248399837244502e-01 2.030032314695526807e-01
1.519503144901701575e-02 5.592499215230880560e-01
6.976543134432121596e-01 3.960225157209190661e-01
6.429243453773302308e-01 3.249952105037071659e-01
3.529096867093740597e-01 3.792679821869084922e-01
8.463664725425286139e-01 2.035513531328773107e-01
9.678738448655878068e-01 2.602751932499337562e-01
4.906756514024063209e-01 2.566987681232639762e-01
4.774310644079767796e-01 3.992664825092751002e-01
3.747792532617990613e-01 2.995139185377301283e-01
2.197287162501571078e-02 8.075780196418097523e-01
4.510007521424040933e-01 2.597606525366741304e-01
1.882343720612551508e-01 1.579081028235814754e-01
9.490273364031784897e-01 5.966948048343727606e-01
2.624225791856845680e-01 2.612498363514962341e-01
9.934743752385026827e-01 6.446836988337570906e-01
1.632492837775098016e-01 7.968349610007253725e-01
4.369100316188520017e-01 6.689053719891365768e-01
5.877796067519370782e-01 1.426557759990048080e-01
1.232487829942954249e-01 7.553094048622084333e-01
2.396557798406353523e-01 7.127999482821973931e-01
2.305591324955846844e-02 9.758813752739504688e-01
5.004902182781563180e-01 4.287118888637563296e-01
7.949816670801621576e-01 4.101563061437663027e-01
6.871593375031362916e-01 2.404735562499682455e-02
9.176580538509552243e-01 5.481561302857428375e-01
7.286294315027920243e-01 9.417479786216119697e-01
4.203108827422691318e-01 1.043123653430017006e-01
3.374013275391274380e-02 4.732135629424832901e-01
5.753001675739791709e-01 3.518690493875472614e-01
4.880064067813896234e-01 1.267597795784357606e-01
1.618911762667974985e-01 9.035279820089782143e-01
1.770334892816006755e-01 5.372738801846240753e-01
3.281744103211641228e-01 9.491280084181141774e-01
9.755396225968726576e-02 2.302175293842766424e-01
2.992275729189615152e-01 3.612411795675267712e-01
9.645488846471017563e-02 1.546722294124174280e-01
8.655845617705590911e-01 4.807899093511235344e-01
1.599375352537042438e-01 9.171785401794323445e-01
7.235878482164931347e-01 2.540109813663881111e-01
8.765327511090857948e-01 7.379519578842314020e-01
9.946863866613789851e-01 7.883994785396142291e-02
6.194906915901171596e-01 2.602991635532592163e-01
1.525717796158889694e-01 2.899636734809170058e-01
7.268117691539894842e-01 6.287166810400712791e-01
3.137160820087143698e-01 1.046418162713302902e-01
1.238170081953489099e-01 6.102089147279980974e-01
4.750815841079305546e-01 3.708793480729960512e-01
9.674867167396472567e-02 4.933524867371604783e-01
2.647099953173283060e-01 8.736057531476808524e-01
6.940014087168161483e-01 4.174329784023826928e-01
9.195136768058840282e-01 5.590498446098892682e-01
8.291444358581234741e-01 5.933746314406120881e-01
9.432493814191915682e-01 8.882617899238232084e-02
7.780010801677471610e-01 4.145046552802145179e-02
1.072853660041671597e-01 8.081281753059232908e-01
7.261535381595217720e-01 5.947877434017690979e-01
9.164366671746162485e-01 3.954039369236903578e-01
5.456305627060231700e-03 7.165411743209404438e-02
7.240185645858442376e-01 2.593705120058386049e-01
5.851581499932061448e-01 4.396218079321200234e-01
2.321376291725052443e-01 7.434691615343780313e-01
3.045403051828721175e-02 6.866031670986316726e-01
7.491664957772572464e-01 8.351470976824393322e-02
2.795034925887185384e-01 9.239592194829513438e-01
4.635035821930229005e-01 5.832568780129573360e-01
7.738345533275385879e-01 8.553119436501056549e-01
1.029963050000129998e-01 5.327111659213179529e-01
2.064374919784632834e-01 6.937704137861034903e-01
9.442417523018443726e-01 4.684355398883233157e-02
6.456876799033917091e-01 6.417123856539309612e-01
4.147089195055724264e-01 6.271447039137846291e-01
3.898722734959452207e-01 9.869979978146414812e-01
4.798715521412811880e-01 8.248991941392447291e-01
9.297069438816482068e-01 7.412051526352630981e-01
6.750778429552212190e-01 7.038729901082400042e-01
1.292751668501327389e-01 2.721871702029401430e-01
4.574559244832265836e-01 4.238989363920635522e-01
1.627517373424209879e-01 3.228235116896658319e-01
7.148912345476057251e-01 5.399975431362680212e-02
6.330060154503776015e-01 3.655394575511093924e-01
9.354498840017847483e-01 2.897981619846408119e-01
9.689438909698977476e-01 8.527291857024573707e-01
2.108064975864012425e-01 8.970722539303138676e-01
3.106753892352583923e-01 4.423119002615050199e-01
4.338643836110422924e-01 1.632150107353860236e-01
5.108801923753741869e-01 5.208583422923562800e-02
9.692001461584229816e-01 4.216546086013781558e-01
8.337875946464687882e-01 3.075460531540128439e-01
2.871269845994204317e-01 6.040028122856310189e-01
7.720906039802353238e-01 3.284230407537176433e-01
7.363884344935385240e-01 1.057833231885243475e-01
7.353678125744711469e-02 8.972260800999454222e-02
2.823582643604176656e-01 5.214866157525305246e-01
2.998871186857372528e-01 3.005298441088144479e-01
5.028492656497837165e-01 4.177261492559969369e-02
8.317884078025996608e-01 5.687502511020779972e-01
1.180517456317461411e-01 9.775756473822246884e-01
2.880923249898379446e-01 2.325495972769182629e-01
8.674680242548116205e-01 7.487302249418330558e-01
4.932947046284782422e-01 8.780794135910953147e-01
4.632896343116498228e-01 2.644167848059275627e-02
7.218225633500661154e-01 2.636708115133951091e-01
3.233036877528795427e-01 9.297843574237146802e-01
6.219116444297650981e-01 7.638109874998292304e-01
5.335808224095995866e-01 5.904848376967611889e-01
7.667256102836942366e-01 9.462850768741248864e-01
7.098770002182988037e-01 2.813873266292188369e-02
3.569942189265598032e-01 7.736094353362938936e-01
3.337280390115981987e-02 8.799584456541529320e-01
6.725634140828794516e-01 2.371475551810992011e-01
4.363940064419640219e-01 2.907051110959957274e-02
7.051961284634200577e-02 5.502694489550570278e-01
2.269373630616061677e-01 1.789593794202021249e-01
9.464105329947911649e-01 6.529404178502148381e-01
4.328559377269480812e-02 2.962660662205267581e-01
1.829529141983948781e-01 9.582088279443220502e-01
3.062415344741056256e-01 6.087099099832935512e-01
5.198172875267886850e-01 9.071107658927506368e-01
5.015471386759284833e-03 3.259893485871108165e-01
1.743815453503103630e-01 7.817700436347413406e-01
3.890601600307763697e-01 8.369886906491535994e-01
5.281725853553622674e-01 9.500065668416901588e-01
4.425060329328676101e-01 3.501351706719807444e-01
7.364975153450813439e-01 1.833295049280165845e-01
6.406848559852292846e-01 5.955284546502748189e-02
7.255724948351327530e-01 7.741861157278259187e-01
1.320366385135826048e-01 8.834855258659817245e-01
9.081577527371731406e-02 7.453406627086811564e-01
9.149155636681327586e-01 6.451194317089461450e-01
5.671398603895223545e-01 7.198547288020432644e-01
2.215827992501826493e-01 3.018893632281525186e-01
8.335173166632597885e-01 9.049600427869830543e-02
5.873390752603139253e-01 8.854785918697251068e-01
8.201489960477992280e-02 1.700164918400156600e-01
1.034967309683854086e-01 1.065358059940352264e-01
8.024177537413381689e-01 6.256556615883228645e-01
2.236905111103284494e-01 4.307776723295269061e-01
5.767345226321707319e-01 6.985539682869186251e-01
3.585875512608177607e-01 3.596375700111943408e-01
3.917889568583450277e-01 1.625640411128025375e-01
4.196278330026637082e-02 6.201737861431975141e-01
4.600784194183146214e-01 2.829662892444483324e-01
4.484219575308129313e-01 9.490371314804957326e-02
3.860020590355593972e-01 6.178588062408931769e-01
9.311409087372651827e-01 4.982886716143170025e-01
2.455516422114472075e-01 4.447821938579971102e-01
2.149656299075453081e-01 9.080222450535673229e-01
9.307793632910430492e-01 5.236795642277769502e-02
7.474127124670543187e-01 4.392110681091819790e-01
8.255799981794746945e-01 5.902513019636288494e-01
3.125047996437411157e-01 2.553493101868609116e-02
8.801585226839038212e-01 5.946453832714518883e-01
2.980704697371563405e-01 1.147191750282444689e-01
5.549743211412421218e-01 7.012513837162718255e-01
6.210951088925182884e-01 1.654224915411328656e-02
8.903419857361241085e-01 4.351299149769281005e-01
7.220538914739127456e-02 7.112225440324743131e-01
4.723554800588020131e-01 3.854070165562363259e-01
5.520239339115907695e-01 3.267656930428314288e-01
2.383152880465453372e-01 9.076723009098597306e-01
8.045713452920865150e-01 3.329563103863852902e-01
2.903202074453475889e-01 7.558030065616264670e-01
7.722622959414784383e-01 6.085295259144807289e-03
8.511936632136756220e-01 4.470189560778122795e-01
9.674873644051074084e-02 6.207134747882133707e-01
3.207851666762806531e-01 9.290853379300342274e-01
8.037956042140127488e-01 1.679451701875996905e-01
7.735881021564672277e-01 2.532620082034636733e-01
2.876034625055141625e-01 9.838301929668755719e-01
1.149447561734702195e-01 7.446073179416607957e-01
7.450180145087635930e-01 2.094096894025204714e-01
8.823313116821220881e-01 8.910436650779063328e-02
7.168630180486814663e-01 3.408624723608699725e-04
7.108820010446732507e-01 6.185504601496395471e-01
3.789276805967051187e-01 6.500632241158841307e-01
6.663955725630672511e-01 6.122341283238130760e-01
2.015638304919433743e-01 3.078913600855572863e-01
8.744769718648642831e-01 8.355163860597850656e-01
3.365037614945159961e-01 9.884519677871913546e-01
9.469114596949219642e-01 7.122514239804987879e-01
2.059158053162558621e-01 2.314181489461968333e-01
4.771105425159682945e-01 7.483832364411169280e-02
8.980717178056626393e-01 4.082236925047230125e-01
3.570408648318502687e-01 4.533443027990491370e-01
9.229267678426766874e-01 9.109571435700025699e-01
2.564773798085344669e-01 5.490697161117684688e-01
4.326683418326163766e-01 4.591842025789205639e-02
5.245757147966300105e-01 7.675551599842691530e-01
7.728321044134198736e-01 7.339528456533433998e-01
2.034113454809580723e-01 7.320845926906105472e-02
1.690478738870682118e-01 9.914937943973689549e-03
7.557864589910294750e-01 2.045661901892802392e-01
4.354394358089664907e-01 9.261130277969564784e-02
5.383740185437041470e-01 4.084423017508235221e-01
2.731312369135874274e-01 9.500267820666263852e-01
3.104167987010969521e-01 6.696724334719923455e-01
9.637777175819336462e-01 6.979864426881882133e-01
6.873871935677378087e-01 7.833894792170337240e-01
6.499376659580478055e-01 4.091550808273249906e-01
2.339895934695555013e-01 9.566749679371654436e-01
6.457308285338274612e-01 6.972965493908467316e-03
3.759875722419179223e-01 4.119209852784599946e-02
8.572719021399985984e-01 2.207634132965939910e-01
5.391071494651437090e-01 2.006285853022394816e-01
6.383763072286475770e-01 6.518822746930997836e-01
7.647678458684111780e-01 5.257998827279587450e-01
8.325529469120416248e-01 7.619188874979097026e-01
5.167587139678089247e-01 8.523658853568198968e-01
1.227107957212065781e-01 1.402465299019757250e-01
9.898822250104898357e-01 1.307874567174607261e-01
6.306843159527277809e-01 6.390124000788059977e-01
3.870775559634230811e-01 4.356518075752739971e-01
5.170183858615485795e-01 4.767190570881452150e-01
6.304267518367586698e-01 6.352224830965991220e-02
2.295569711115648115e-01 5.668733603852718073e-01
5.626247232617692662e-01 2.415473078309380295e-01
9.296560238252360442e-02 2.095514886675921007e-01
5.296495248774153453e-01 3.821135771145857118e-01
2.958159927746624174e-01 4.843169136839586830e-02
5.263604941735222642e-02 8.126723586821263945e-01
5.497949827159106517e-01 9.333941334386661737e-01
2.457122630182125844e-01 1.388383800072404695e-01
3.005501679052824393e-02 5.934967777107624798e-01
5.935444522000249412e-01 2.152123736412101529e-01
4.086040491712271683e-01 1.197332632670615737e-01
1.474684277394758825e-01 6.311455018450768950e-01
3.155149456566610500e-01 3.022001188089091794e-01
6.000712799944485365e-01 2.466796254788915510e-01
1.603148573414026057e-02 3.055125133150465855e-01
8.740028079269858141e-01 8.757348295194102850e-01
9.186432507877971831e-01 1.932782746243816296e-01
6.698455285895692501e-01 4.922045956514702336e-01
2.631686477994579221e-01 6.436977214837229511e-01
6.100210749272073629e-01 1.448386825173276771e-01
7.609714997119035873e-01 9.106412361657696408e-01
3.089885865600103809e-01 9.917118259099255706e-02
3.634975494544291363e-01 8.491201301923534395e-01
4.622700658892719972e-01 7.639221231111064103e-01
5.853704185406644056e-01 9.757602077156045661e-01
5.570900610042536227e-01 7.826899725385765283e-01
3.847055878853712363e-01 4.490946776366004922e-01
2.702796113824345037e-01 2.536561976692959242e-01
5.530285926768189197e-01 6.712070453451906005e-01
3.577762212209545378e-02 3.914072508003119122e-02
2.784327986149026657e-02 5.332003173047277222e-01
5.832237563543979375e-01 5.491201046414587728e-01
4.840056035687778646e-01 5.605120362633856379e-01
3.010026971806184504e-01 9.143845908986524273e-01
8.509375707648678677e-01 5.007780643338525239e-01
6.115597710005671317e-01 6.097636958755177083e-01
2.408422922617002859e-01 1.594223925314040002e-01
8.899456186155360049e-01 3.913952947416192707e-01
9.087537357359983803e-01 6.934290848952933128e-01
7.316308805594509135e-01 1.826760763070718330e-01
8.877185295331361248e-01 7.939538174686197047e-01
5.848082772902418736e-02 8.995851206299366742e-01
5.453949405465509104e-01 6.965831803220586815e-01
8.264253851711836907e-01 2.303280864566434882e-01
3.432710454319234383e-01 8.067420393802855472e-01
3.712153475088195709e-01 6.539457997302312586e-01
8.187897263505479195e-01 7.748093423529709423e-01
6.047124495291390511e-01 9.243466900712886680e-01
2.978509592684062124e-01 4.285932577988312842e-01
7.726878981082073716e-01 7.618928266818130179e-01
6.596082784163735946e-01 1.255868463372952215e-01
5.784620015803115800e-01 9.659010999243472506e-01
2.639228700540188211e-01 6.897289750038870793e-02
1.476738292555135335e-02 6.034366894022371586e-01
5.214644549144753505e-02 9.251087731108886825e-01
8.841839735825415270e-01 9.012088284465877841e-01
6.482447646404220221e-01 3.102604576695444649e-02
5.618435804395194300e-01 7.752094754440796986e-02
8.214095888680827962e-02 5.568782139249051077e-02
1.214441264929108089e-01 5.288356999933583324e-01
5.668743925899158986e-01 7.768755577650610089e-01
7.832412384478685263e-01 2.982207961280459729e-01
4.446321386685240240e-01 5.085647915762342430e-01
5.265998550793904442e-03 8.772903546357320170e-01
4.979617449358105796e-01 5.791192182691689005e-01
2.318724804981278087e-01 7.760392031931505619e-01
3.614101744878787104e-01 6.843318881802601394e-01
5.158129312818903189e-01 8.442883807551069264e-01
5.316782034502294252e-01 8.436154859007706230e-01
3.297785957902893417e-01 3.500862748288210424e-01
7.084772088084601016e-01 6.915563423878018368e-01
1.111935965241165336e-01 3.089795840164992757e-01
1.286992832966314948e-01 2.332648220133020089e-01
3.720705291124463132e-01 9.802800179423185600e-01
3.712187453190681774e-01 4.471199704487696103e-01
7.639928695276032578e-02 3.712465454117033214e-01
3.026497662407575673e-01 3.659743525303484901e-01
1.185294357489128370e-01 6.568995295914173971e-01
7.767499370541741666e-02 6.962567781880515394e-01
2.359391149577770852e-01 6.968281206275875883e-01
4.485054750214245711e-01 9.604326206179827352e-01
3.898087886473818875e-01 8.179133158851739083e-01
9.391723988096234432e-01 3.734155525241034113e-02
5.996468938672215865e-01 2.598619435904041541e-01
2.342354032919722329e-01 5.114888344165399170e-01
9.407987264321168164e-01 6.192467173179749818e-02
9.591366272634747059e-01 8.065929358640565594e-01
9.002079051323937930e-01 5.035693347516556617e-02
3.007342218603049622e-01 1.222278283700486412e-01
4.015472213823230163e-01 1.735518069607309144e-01
6.913690691840534974e-02 6.469670366535514860e-01
5.339955892518096769e-01 8.819540269889794004e-01
1.560405963433567633e-01 3.478767382818608311e-01
5.827247062822513701e-01 8.096962086778991541e-02
8.922531114313695388e-01 9.659244345793038811e-01
5.381835342439753589e-01 8.279110426015389157e-01
4.916840276458344094e-01 9.566664723066065079e-02
4.019207696695399346e-01 5.255502374545822919e-01
7.323321760207152087e-01 1.352787244470028405e-01
4.402306615381269550e-01 6.956518971373466531e-01
6.328876931732541067e-01 8.403687393519965187e-02
3.364368616214591379e-01 4.784907176495689640e-02
1.496172651358524952e-01 2.090261508021562520e-01
4.151833535272505538e-01 5.008407519620471371e-01
8.228805309340057050e-01 7.777013136599874032e-01
4.999643716654438297e-01 3.094558273621269562e-01
1.328859693758843719e-01 8.833734843166679562e-01
4.562804740547959925e-01 6.184689927857417446e-01
6.954831775962454499e-01 7.449371303723658633e-01
8.234104745756299915e-01 4.905690169771900200e-01
4.332482239294318527e-01 7.529092236492432866e-01
3.613499910471151821e-01 5.458695077951514207e-02
8.159452934815238923e-01 6.531802470479471934e-01
4.591055943556778818e-01 9.802937300876445326e-01
6.761970645143904335e-01 1.339247298547341369e-01
3.507737212758430534e-01 5.349945906632274095e-01
7.923812800083372965e-01 8.523529057814801524e-01
5.913089121291564831e-01 7.728450205880121882e-02
3.749599388927554733e-01 3.380559827196948364e-01
8.801850836644984355e-01 1.535379669281733417e-01
2.635278964970704241e-01 4.728418130307299183e-02
4.658981626996464565e-01 1.614419471372147141e-01
9.765247126508421749e-01 4.314327519214978812e-01
9.059085478399948599e-01 2.026042333162950682e-01
5.715847303867606088e-01 7.410890600859894040e-01
7.947943345620740452e-01 6.655251733029815542e-01
9.990198619191819063e-01 7.162921982641456964e-01
6.117607144682392084e-01 8.747933853361693490e-01
7.182178294539560692e-01 1.303111535265432108e-01
7.690098651864192281e-01 1.506704037946013930e-01
1.486737811428473499e-01 2.904599964724502437e-01
7.465783320193061234e-01 5.843115889690907450e-01
3.460495619011263457e-01 8.009648518752586766e-01
9.404385793625069656e-02 2.972390127821078476e-01
8.482514170376599383e-01 3.624055237783507799e-01
3.262573414243741254e-01 5.351302326614002514e-01
9.085813785449348146e-01 9.620895186886717632e-01
7.927861483430853617e-02 9.484697652016915725e-01
9.607752091425292296e-01 3.493709819970002295e-01
1.807865874115277549e-02 3.528133787884669692e-01
7.704602910997900844e-01 1.225175457723480799e-01
2.447273907755360689e-01 1.196066633894664610e-01
3.416404814652107547e-02 8.376506291961819395e-01
5.968195271016069059e-01 8.767157660419681031e-01
1.233763815485436899e-01 6.800467266581528003e-01
5.750454109530552804e-01 8.377912147170881729e-01
4.803616630562057566e-01 2.874801491292960920e-01
5.081824397131373683e-01 4.771762575334591583e-01
6.861235921996193809e-01 9.441577374713948645e-01
3.666115090817280153e-01 5.708047439310965920e-01
3.552047632010632006e-01 5.577799544285209077e-01
9.126017968802641045e-01 3.295308122680852270e-01
9.323819011212419738e-01 7.686721472899445962e-01
7.266828215052296702e-01 8.057555804200740024e-01
5.439302189994711378e-01 2.057060483064526712e-01
9.896900591906812039e-01 2.832715788905394438e-01
2.832216929904693981e-01 5.276103820141079259e-01
4.112104725777840919e-01 8.683861196746389677e-02
4.585105431691527400e-01 3.396238450796528197e-01
9.146766246824814539e-01 8.941497656749111123e-01
6.056327640020042757e-01 7.127151924852613840e-01
5.880858732476484940e-01 2.310205202855720730e-01
7.564764482135110102e-01 2.716315757669167663e-01
3.656292827056317751e-01 8.429051883557424629e-01
3.650479941542972284e-01 4.814878885798867802e-02
2.378174732635374156e-02 7.312375531996448963e-01
4.526159318495948103e-02 9.957130483793144027e-01
9.927985609496327024e-01 4.195929442315262659e-01
2.475800261901666133e-01 8.075961798811688297e-01
7.302695433699932792e-01 9.400425770439323481e-01
2.172426843980594935e-01 9.477337879993769088e-01
5.985822684993985510e-01 5.527839173851696319e-01
6.242892940560248460e-01 2.709760881736450466e-01
3.709749135668030107e-01 8.843665879313885592e-01
6.583213051797814908e-01 8.642149194477820595e-01
2.869729875525418583e-01 7.337050015664559055e-02
1.351565117901591950e-01 2.583181322450008865e-01
4.942519478927729359e-01 1.917544073421925122e-01
6.785843703879653743e-01 7.781666863089061748e-01
7.130752134992607294e-01 7.278343490477058308e-01
5.701852405140641622e-01 7.444727232260303085e-01
8.847784250651612448e-01 6.390404396523359232e-01
9.433918406548169600e-01 5.599473707538409339e-01
6.674756604226991241e-01 4.759144479065184896e-01
5.510023259488224801e-01 7.545246011385881024e-01
9.983396266615682801e-01 4.760201384429008087e-02
5.468287750449414286e-01 4.093799687140114996e-01
9.294511751929487309e-01 1.549162010488893682e-01
8.237148836069905222e-01 1.304188221099388256e-01
7.728574640510943450e-01 8.927481971533415273e-01
7.465105176469257753e-01 9.494453836226474097e-01
6.003144251094404416e-01 2.809636617236339617e-01
8.674243776266344907e-01 7.497244758196743852e-01
8.384347042454483034e-01 5.290687430721399132e-01
8.422884262573956393e-01 1.151749551117067227e-01
9.196361339485582542e-01 2.259214577624633069e-01
